address,date
上海市浦东新区白墙村,2022-04-20
上海市浦东新区白杨路1065弄,2022-04-20
上海市浦东新区白杨路1155弄,2022-04-20
上海市浦东新区白杨路360弄,2022-04-20
上海市浦东新区板泉路1201弄,2022-04-20
上海市浦东新区板泉路2101弄,2022-04-20
上海市浦东新区北艾路155弄,2022-04-20
上海市浦东新区北艾路1660弄,2022-04-20
上海市浦东新区北艾路1765弄,2022-04-20
上海市浦东新区北蔡村丁家队丁家宅,2022-04-20
上海市浦东新区北蔡村周家宅,2022-04-20
上海市浦东新区北蔡大街31弄,2022-04-20
上海市浦东新区北新园路460弄,2022-04-20
上海市浦东新区北张家浜路112号,2022-04-20
上海市浦东新区北张家浜路58号,2022-04-20
上海市浦东新区北中路175弄,2022-04-20
上海市浦东新区北中路247弄,2022-04-20
上海市浦东新区北中路354弄,2022-04-20
上海市浦东新区北中路408弄,2022-04-20
上海市浦东新区博华路237弄,2022-04-20
上海市浦东新区博华路980弄,2022-04-20
上海市浦东新区博华路999弄,2022-04-20
上海市浦东新区博山东路112弄,2022-04-20
上海市浦东新区博山东路173弄,2022-04-20
上海市浦东新区博山东路20弄,2022-04-20
上海市浦东新区博山东路459弄,2022-04-20
上海市浦东新区博山东路553弄,2022-04-20
上海市浦东新区博山路12弄,2022-04-20
上海市浦东新区博山路200弄,2022-04-20
上海市浦东新区博山路51弄,2022-04-20
上海市浦东新区博兴路462弄,2022-04-20
上海市浦东新区博兴路465弄,2022-04-20
上海市浦东新区博兴路616弄,2022-04-20
上海市浦东新区博兴路799弄,2022-04-20
上海市浦东新区博兴路916弄,2022-04-20
上海市浦东新区博兴路986弄,2022-04-20
上海市浦东新区彩云路50弄,2022-04-20
上海市浦东新区蔡路村包家宅,2022-04-20
上海市浦东新区蔡路村东蔡家宅,2022-04-20
上海市浦东新区蔡路村西蔡家宅,2022-04-20
上海市浦东新区蔡路村杨家宅,2022-04-20
上海市浦东新区曹家油车,2022-04-20
上海市浦东新区草高支路1050弄,2022-04-20
上海市浦东新区草高支路1118弄,2022-04-20
上海市浦东新区长岛路1201弄,2022-04-20
上海市浦东新区长岛路1203弄,2022-04-20
上海市浦东新区长岛路1267弄,2022-04-20
上海市浦东新区长岛路1280弄,2022-04-20
上海市浦东新区长岛路1398弄,2022-04-20
上海市浦东新区长岛路259弄,2022-04-20
上海市浦东新区长岛路625弄,2022-04-20
上海市浦东新区长岛路823弄,2022-04-20
上海市浦东新区长岛路825弄,2022-04-20
上海市浦东新区长清路103弄,2022-04-20
上海市浦东新区长清路177弄,2022-04-20
上海市浦东新区长清路595弄,2022-04-20
上海市浦东新区长清路773弄,2022-04-20
上海市浦东新区长清路807弄,2022-04-20
上海市浦东新区长清路937弄,2022-04-20
上海市浦东新区昌里东路190弄,2022-04-20
上海市浦东新区昌里东路411弄,2022-04-20
上海市浦东新区昌里东路500弄,2022-04-20
上海市浦东新区昌里东路550弄,2022-04-20
上海市浦东新区昌里东路650弄,2022-04-20
上海市浦东新区昌里东路71弄,2022-04-20
上海市浦东新区昌里东路80弄,2022-04-20
上海市浦东新区昌里路167弄,2022-04-20
上海市浦东新区昌里路340弄,2022-04-20
上海市浦东新区昌邑路55弄,2022-04-20
上海市浦东新区陈春东路99弄,2022-04-20
上海市浦东新区陈春路620弄,2022-04-20
上海市浦东新区陈桥村,2022-04-20
上海市浦东新区陈邵路103号工地生活区,2022-04-20
上海市浦东新区陈行村金家宅,2022-04-20
上海市浦东新区成山路1066弄,2022-04-20
上海市浦东新区成山路1488弄,2022-04-20
上海市浦东新区成山路1728弄,2022-04-20
上海市浦东新区成山路226弄,2022-04-20
上海市浦东新区成山路24弄,2022-04-20
上海市浦东新区成山路300弄,2022-04-20
上海市浦东新区成山路544弄,2022-04-20
上海市浦东新区成山路648弄,2022-04-20
上海市浦东新区成山路668弄,2022-04-20
上海市浦东新区成山路963弄,2022-04-20
上海市浦东新区城东路282弄,2022-04-20
上海市浦东新区城丰路288弄,2022-04-20
上海市浦东新区川北公路3046号,2022-04-20
上海市浦东新区川环南路345弄,2022-04-20
上海市浦东新区川沙路1258弄工地生活区,2022-04-20
上海市浦东新区川沙新镇新浜村,2022-04-20
上海市浦东新区创新西路333弄,2022-04-20
上海市浦东新区创新西路75弄,2022-04-20
上海市浦东新区春泉路45弄,2022-04-20
上海市浦东新区大洪村毛家宅,2022-04-20
上海市浦东新区大星村周家宅,2022-04-20
上海市浦东新区大众村西沟圈,2022-04-20
上海市浦东新区大众村小包新村,2022-04-20
上海市浦东新区荡沟村,2022-04-20
上海市浦东新区德平路100弄,2022-04-20
上海市浦东新区德平路1134弄,2022-04-20
上海市浦东新区德平路1189弄,2022-04-20
上海市浦东新区德平路155弄,2022-04-20
上海市浦东新区德平路25弄,2022-04-20
上海市浦东新区德平路730弄,2022-04-20
上海市浦东新区德州路246号,2022-04-20
上海市浦东新区德州路254号,2022-04-20
上海市浦东新区德州路262号,2022-04-20
上海市浦东新区德州路380弄,2022-04-20
上海市浦东新区德州路400号,2022-04-20
上海市浦东新区邓三村陈家宅,2022-04-20
上海市浦东新区叠桥村,2022-04-20
上海市浦东新区定水路50弄,2022-04-20
上海市浦东新区东波路195弄,2022-04-20
上海市浦东新区东波路49弄,2022-04-20
上海市浦东新区东昌路490弄,2022-04-20
上海市浦东新区东昌新村,2022-04-20
上海市浦东新区东方路1523弄,2022-04-20
上海市浦东新区东方路268号,2022-04-20
上海市浦东新区东风村曹家宅,2022-04-20
上海市浦东新区东风村潘家宅,2022-04-20
上海市浦东新区东海村胡家宅,2022-04-20
上海市浦东新区东海村张家宅,2022-04-20
上海市浦东新区东后老街262号,2022-04-20
上海市浦东新区东靖路669弄,2022-04-20
上海市浦东新区东陆路1018弄,2022-04-20
上海市浦东新区东陆路1182弄,2022-04-20
上海市浦东新区东陆路1221号,2022-04-20
上海市浦东新区东陆路1268弄,2022-04-20
上海市浦东新区东陆路1485弄,2022-04-20
上海市浦东新区东陆路1528弄,2022-04-20
上海市浦东新区东陆路898弄,2022-04-20
上海市浦东新区东明路560弄,2022-04-20
上海市浦东新区东三街102弄,2022-04-20
上海市浦东新区东三里桥路160弄,2022-04-20
上海市浦东新区东三里桥路190弄,2022-04-20
上海市浦东新区东三里桥路211弄,2022-04-20
上海市浦东新区东三里桥路79弄,2022-04-20
上海市浦东新区东书房路390弄,2022-04-20
上海市浦东新区东书房路560弄,2022-04-20
上海市浦东新区东绣路1086弄,2022-04-20
上海市浦东新区东绣路1155弄,2022-04-20
上海市浦东新区东绣路1389弄,2022-04-20
上海市浦东新区东园四村,2022-04-20
上海市浦东新区杜鹃路55弄,2022-04-20
上海市浦东新区峨山路187弄,2022-04-20
上海市浦东新区峨山路280弄,2022-04-20
上海市浦东新区二团村,2022-04-20
上海市浦东新区繁荣东路150弄,2022-04-20
上海市浦东新区芳草路258弄,2022-04-20
上海市浦东新区芳华路329弄,2022-04-20
上海市浦东新区芳华路788弄,2022-04-20
上海市浦东新区芳华路916弄,2022-04-20
上海市浦东新区芳华路933弄,2022-04-20
上海市浦东新区芳芯路210弄,2022-04-20
上海市浦东新区芙蓉路42弄,2022-04-20
上海市浦东新区福山路100弄,2022-04-20
上海市浦东新区福山路40弄,2022-04-20
上海市浦东新区福山路49弄,2022-04-20
上海市浦东新区富强村,2022-04-20
上海市浦东新区高宝路379弄,2022-04-20
上海市浦东新区高科东路500弄,2022-04-20
上海市浦东新区高科西路3000弄,2022-04-20
上海市浦东新区高科西路3030弄,2022-04-20
上海市浦东新区高科西路3050弄,2022-04-20
上海市浦东新区高科西路3060弄,2022-04-20
上海市浦东新区高青路2861弄,2022-04-20
上海市浦东新区高青路2878弄,2022-04-20
上海市浦东新区高青路4567弄,2022-04-20
上海市浦东新区龚华路425弄,2022-04-20
上海市浦东新区龚华路50弄,2022-04-20
上海市浦东新区古桐路54弄,2022-04-20
上海市浦东新区古桐路77号,2022-04-20
上海市浦东新区顾东村船板桥,2022-04-20
上海市浦东新区顾东村花厅,2022-04-20
上海市浦东新区顾东村水洞港,2022-04-20
上海市浦东新区顾东村吴家宅,2022-04-20
上海市浦东新区顾东村新屋宅,2022-04-20
上海市浦东新区顾三村东蔡家宅,2022-04-20
上海市浦东新区崮山路968号,2022-04-20
上海市浦东新区光明村,2022-04-20
上海市浦东新区光泽路428弄,2022-04-20
上海市浦东新区归昌路351弄,2022-04-20
上海市浦东新区郭守敬路669号生活区,2022-04-20
上海市浦东新区海港大道美人蕉路交界口工地生活区,2022-04-20
上海市浦东新区海鸣路1号工地生活区,2022-04-20
上海市浦东新区海纳路129弄,2022-04-20
上海市浦东新区海容路399弄,2022-04-20
上海市浦东新区海旺路同望路交界口工地生活区,2022-04-20
上海市浦东新区海阳路1001弄,2022-04-20
上海市浦东新区海阳路1065弄,2022-04-20
上海市浦东新区海阳路1080弄,2022-04-20
上海市浦东新区海阳路1125弄,2022-04-20
上海市浦东新区海阳路1333弄,2022-04-20
上海市浦东新区海阳路815弄,2022-04-20
上海市浦东新区海阳路860弄,2022-04-20
上海市浦东新区韩荡村顾家宅,2022-04-20
上海市浦东新区航昌路199弄,2022-04-20
上海市浦东新区航城三路675弄,2022-04-20
上海市浦东新区航城三路692弄,2022-04-20
上海市浦东新区航东村,2022-04-20
上海市浦东新区航鹤路1699弄,2022-04-20
上海市浦东新区航梅路525弄,2022-04-20
上海市浦东新区航三路航吉路交界口工地生活区,2022-04-20
上海市浦东新区和佳路105弄,2022-04-20
上海市浦东新区和炯路501弄,2022-04-20
上海市浦东新区和炯路77弄,2022-04-20
上海市浦东新区和融路55弄,2022-04-20
上海市浦东新区菏泽路567弄,2022-04-20
上海市浦东新区菏泽路58弄,2022-04-20
上海市浦东新区菏泽路825弄,2022-04-20
上海市浦东新区菏泽路828弄,2022-04-20
上海市浦东新区鹤东村,2022-04-20
上海市浦东新区鹤恒路600弄,2022-04-20
上海市浦东新区鹤鸣村,2022-04-20
上海市浦东新区鹤沙路201弄,2022-04-20
上海市浦东新区鹤永路600弄,2022-04-20
上海市浦东新区红旗村东桥队毛家塘,2022-04-20
上海市浦东新区红旗村李家油车,2022-04-20
上海市浦东新区虹二村盛家宅,2022-04-20
上海市浦东新区虹桥村吴家宅,2022-04-20
上海市浦东新区洪山路121弄,2022-04-20
上海市浦东新区洪山路1658弄,2022-04-20
上海市浦东新区洪山路1889弄,2022-04-20
上海市浦东新区洪山路237弄,2022-04-20
上海市浦东新区胡巷村陈家宅,2022-04-20
上海市浦东新区胡巷村东朱家宅,2022-04-20
上海市浦东新区胡巷村金家宅,2022-04-20
上海市浦东新区胡巷村马家宅,2022-04-20
上海市浦东新区胡巷村孙家宅,2022-04-20
上海市浦东新区胡巷村吴家宅,2022-04-20
上海市浦东新区胡巷村张家宅,2022-04-20
上海市浦东新区沪二小区,2022-04-20
上海市浦东新区沪南公路9399弄,2022-04-20
上海市浦东新区沪南路1168弄,2022-04-20
上海市浦东新区沪南路1351弄,2022-04-20
上海市浦东新区沪南路2688弄,2022-04-20
上海市浦东新区沪南路3219弄,2022-04-20
上海市浦东新区沪南路3468弄,2022-04-20
上海市浦东新区沪南路4855弄,2022-04-20
上海市浦东新区沪一小区,2022-04-20
上海市浦东新区花木路1398号,2022-04-20
上海市浦东新区花墙村,2022-04-20
上海市浦东新区华安路24弄,2022-04-20
上海市浦东新区华丰路50弄,2022-04-20
上海市浦东新区华夏东路1799弄,2022-04-20
上海市浦东新区华夏东路2170弄,2022-04-20
上海市浦东新区华夏东路2977弄,2022-04-20
上海市浦东新区华绣路179弄,2022-04-20
上海市浦东新区环东中心村桥弄陈家宅,2022-04-20
上海市浦东新区环东中心村宋家宅,2022-04-20
上海市浦东新区环东中心村周家圈宅,2022-04-20
上海市浦东新区环林东路271弄,2022-04-20
上海市浦东新区环林东路799弄,2022-04-20
上海市浦东新区环林西路848弄,2022-04-20
上海市浦东新区环庆南路336弄,2022-04-20
上海市浦东新区环庆中路57号,2022-04-20
上海市浦东新区黄楼村姚家宅,2022-04-20
上海市浦东新区黄楼村周黄家宅,2022-04-20
上海市浦东新区汇达村,2022-04-20
上海市浦东新区汇南村,2022-04-20
上海市浦东新区惠东村,2022-04-20
上海市浦东新区火箭村,2022-04-20
上海市浦东新区吉灿路17弄,2022-04-20
上海市浦东新区吉灿路18弄,2022-04-20
上海市浦东新区济阳路65弄,2022-04-20
上海市浦东新区佳林路115弄,2022-04-20
上海市浦东新区尖角圩,2022-04-20
上海市浦东新区江东路25号,2022-04-20
上海市浦东新区界浜路55弄,2022-04-20
上海市浦东新区金浜村,2022-04-20
上海市浦东新区金高路2216弄,2022-04-20
上海市浦东新区金沪路1218弄,2022-04-20
上海市浦东新区金吉路33弄,2022-04-20
上海市浦东新区金口路471弄,2022-04-20
上海市浦东新区金口路53弄,2022-04-20
上海市浦东新区金葵路1115弄,2022-04-20
上海市浦东新区金葵路1315弄,2022-04-20
上海市浦东新区金葵路945弄,2022-04-20
上海市浦东新区金睦路353弄,2022-04-20
上海市浦东新区金桥路1510弄,2022-04-20
上海市浦东新区金桥路226弄,2022-04-20
上海市浦东新区金桥路2552弄,2022-04-20
上海市浦东新区金桥路3219弄,2022-04-20
上海市浦东新区金桥路825号,2022-04-20
上海市浦东新区金桥路835弄,2022-04-20
上海市浦东新区金台路115弄,2022-04-20
上海市浦东新区金湘路201弄,2022-04-20
上海市浦东新区金湘路333号,2022-04-20
上海市浦东新区金晓路96弄,2022-04-20
上海市浦东新区金杨路1055弄,2022-04-20
上海市浦东新区金杨路1155弄,2022-04-20
上海市浦东新区金杨路220弄,2022-04-20
上海市浦东新区金杨路660弄,2022-04-20
上海市浦东新区金杨路685弄,2022-04-20
上海市浦东新区金银花路凌霄花路交界口工地生活区,2022-04-20
上海市浦东新区锦安东路270弄,2022-04-20
上海市浦东新区锦安东路55弄,2022-04-20
上海市浦东新区锦安东路567弄,2022-04-20
上海市浦东新区锦安东路593弄,2022-04-20
上海市浦东新区锦绣路1650弄,2022-04-20
上海市浦东新区锦绣路2868弄,2022-04-20
上海市浦东新区锦绣路2885弄,2022-04-20
上海市浦东新区锦绣路300弄,2022-04-20
上海市浦东新区锦绣路3336弄,2022-04-20
上海市浦东新区锦绣路3338弄,2022-04-20
上海市浦东新区京浦路160弄,2022-04-20
上海市浦东新区京浦路82弄,2022-04-20
上海市浦东新区居家桥路151弄,2022-04-20
上海市浦东新区居家桥路520弄,2022-04-20
上海市浦东新区巨峰路176弄,2022-04-20
上海市浦东新区巨峰路399弄,2022-04-20
上海市浦东新区巨峰路667弄,2022-04-20
上海市浦东新区巨峰路90弄,2022-04-20
上海市浦东新区巨峰路995弄,2022-04-20
上海市浦东新区巨野路197弄,2022-04-20
上海市浦东新区巨野路22号,2022-04-20
上海市浦东新区巨野路61弄,2022-04-20
上海市浦东新区康桥路1111弄,2022-04-20
上海市浦东新区康桥路90弄,2022-04-20
上海市浦东新区康杉路386弄,2022-04-20
上海市浦东新区康沈路3001弄,2022-04-20
上海市浦东新区康士路15弄,2022-04-20
上海市浦东新区科农路99弄,2022-04-20
上海市浦东新区莱阳路201弄,2022-04-20
上海市浦东新区莱阳路2450弄,2022-04-20
上海市浦东新区莱阳路350弄,2022-04-20
上海市浦东新区莱阳路3988弄,2022-04-20
上海市浦东新区莱阳路451弄,2022-04-20
上海市浦东新区莱阳路881弄,2022-04-20
上海市浦东新区兰陵路23弄,2022-04-20
上海市浦东新区兰陵路24弄,2022-04-20
上海市浦东新区蓝村路30弄,2022-04-20
上海市浦东新区蓝村路31弄,2022-04-20
上海市浦东新区蓝村路470弄,2022-04-20
上海市浦东新区蓝村路471弄,2022-04-20
上海市浦东新区蓝村路60弄,2022-04-20
上海市浦东新区劳动村孙家宅,2022-04-20
上海市浦东新区崂山路502号,2022-04-20
上海市浦东新区崂山路551弄,2022-04-20
上海市浦东新区崂山路571弄,2022-04-20
上海市浦东新区崂山路600号,2022-04-20
上海市浦东新区崂山路645弄,2022-04-20
上海市浦东新区崂山路80弄,2022-04-20
上海市浦东新区崂山三村,2022-04-20
上海市浦东新区崂山四村,2022-04-20
上海市浦东新区黎明村,2022-04-20
上海市浦东新区历城路100弄,2022-04-20
上海市浦东新区历城路22弄,2022-04-20
上海市浦东新区利川路王桥路交界口工地生活区,2022-04-20
上海市浦东新区利津路1111弄,2022-04-20
上海市浦东新区利津路1313弄,2022-04-20
上海市浦东新区利津路185弄,2022-04-20
上海市浦东新区利津路385弄,2022-04-20
上海市浦东新区利津路53弄,2022-04-20
上海市浦东新区利津路729弄,2022-04-20
上海市浦东新区连波路228弄,2022-04-20
上海市浦东新区莲安东路79弄,2022-04-20
上海市浦东新区莲安西路125弄,2022-04-20
上海市浦东新区莲溪路1099弄,2022-04-20
上海市浦东新区莲溪路780弄,2022-04-20
上海市浦东新区莲园路100弄,2022-04-20
上海市浦东新区莲园路468弄,2022-04-20
上海市浦东新区莲园路77弄,2022-04-20
上海市浦东新区莲振路269号,2022-04-20
上海市浦东新区莲中路318弄,2022-04-20
上海市浦东新区联丰村八字队东八字桥,2022-04-20
上海市浦东新区联丰村顾家队顾家宅,2022-04-20
上海市浦东新区联勤村冯桥队冯家宅,2022-04-20
上海市浦东新区联勤村李家队李家宅,2022-04-20
上海市浦东新区联勤村麦家队麦家宅,2022-04-20
上海市浦东新区联勤村张家队陈家宅,2022-04-20
上海市浦东新区林培路红临路交界口工地生活区,2022-04-20
上海市浦东新区林浦路1240号,2022-04-20
上海市浦东新区林浦南路2008号生活区,2022-04-20
上海市浦东新区林展路411弄,2022-04-20
上海市浦东新区临江村丁家队丁家宅,2022-04-20
上海市浦东新区临江村临江队王家渡,2022-04-20
上海市浦东新区临江村庞家队庞家宅,2022-04-20
上海市浦东新区临江村庞家队庞信隆,2022-04-20
上海市浦东新区临江村庞家队张家宅,2022-04-20
上海市浦东新区临江村泰保队泰保堂,2022-04-20
上海市浦东新区临江村王家渡队王家渡,2022-04-20
上海市浦东新区临江村益民队陈家宅,2022-04-20
上海市浦东新区临江村益民队罗汉松,2022-04-20
上海市浦东新区临江村益民队小金家宅,2022-04-20
上海市浦东新区临江村筠西队庞家宅,2022-04-20
上海市浦东新区临江村张塘队塘湾宅,2022-04-20
上海市浦东新区临江村张塘队张家宅,2022-04-20
上海市浦东新区临江村周北队周家宅,2022-04-20
上海市浦东新区临江村周南队周家宅,2022-04-20
上海市浦东新区临沂路181弄,2022-04-20
上海市浦东新区临沂路280弄,2022-04-20
上海市浦东新区临沂路301弄,2022-04-20
上海市浦东新区临沂路81弄,2022-04-20
上海市浦东新区临沂路8弄,2022-04-20
上海市浦东新区灵山路1396弄,2022-04-20
上海市浦东新区灵山路1415弄,2022-04-20
上海市浦东新区灵山路600弄,2022-04-20
上海市浦东新区灵岩路56弄,2022-04-20
上海市浦东新区灵岩南路156弄,2022-04-20
上海市浦东新区灵岩南路499弄,2022-04-20
上海市浦东新区凌河路188弄,2022-04-20
上海市浦东新区凌河路200弄,2022-04-20
上海市浦东新区凌河路354弄,2022-04-20
上海市浦东新区凌河路38弄,2022-04-20
上海市浦东新区凌河路420弄,2022-04-20
上海市浦东新区凌河路618弄,2022-04-20
上海市浦东新区凌桥村仓房浜,2022-04-20
上海市浦东新区凌兆路285弄,2022-04-20
上海市浦东新区凌兆路379弄工地生活区,2022-04-20
上海市浦东新区凌兆路396弄,2022-04-20
上海市浦东新区凌兆路500弄,2022-04-20
上海市浦东新区凌兆路530弄,2022-04-20
上海市浦东新区凌兆路586弄,2022-04-20
上海市浦东新区凌兆路711弄,2022-04-20
上海市浦东新区凌兆路726弄,2022-04-20
上海市浦东新区凌兆路88弄,2022-04-20
上海市浦东新区柳埠路135弄,2022-04-20
上海市浦东新区柳埠路142弄,2022-04-20
上海市浦东新区柳杉路99弄,2022-04-20
上海市浦东新区六如村,2022-04-20
上海市浦东新区龙东大道2895弄,2022-04-20
上海市浦东新区龙居路147号,2022-04-20
上海市浦东新区龙居路150弄,2022-04-20
上海市浦东新区龙居路191弄,2022-04-20
上海市浦东新区龙王庙村南杨家堂,2022-04-20
上海市浦东新区龙阳路158号工地生活区,2022-04-20
上海市浦东新区陆凌村西凌家宅,2022-04-20
上海市浦东新区陆万村,2022-04-20
上海市浦东新区绿林路320弄,2022-04-20
上海市浦东新区绿林路51弄,2022-04-20
上海市浦东新区茂兴路98号,2022-04-20
上海市浦东新区梅花路768弄,2022-04-20
上海市浦东新区梅林村,2022-04-20
上海市浦东新区苗圃路112弄,2022-04-20
上海市浦东新区苗圃路463弄,2022-04-20
上海市浦东新区苗桥路935弄,2022-04-20
上海市浦东新区妙境路124弄,2022-04-20
上海市浦东新区妙境路404弄,2022-04-20
上海市浦东新区民丰村北黄家宅,2022-04-20
上海市浦东新区民丰村李家宅,2022-04-20
上海市浦东新区民丰村西龚家宅,2022-04-20
上海市浦东新区民建村南邵家宅,2022-04-20
上海市浦东新区民建村徐家宅,2022-04-20
上海市浦东新区民唐路秦家港路交界口工地生活区,2022-04-20
上海市浦东新区民同路290弄,2022-04-20
上海市浦东新区民雪路918弄,2022-04-20
上海市浦东新区民耀路268弄,2022-04-20
上海市浦东新区牟平路154弄,2022-04-20
上海市浦东新区牟平路384弄,2022-04-20
上海市浦东新区牟平路56弄,2022-04-20
上海市浦东新区牡丹路165弄,2022-04-20
上海市浦东新区牡丹路186弄,2022-04-20
上海市浦东新区牡丹路340弄,2022-04-20
上海市浦东新区暮二村小丁家宅,2022-04-20
上海市浦东新区南阜村曹家队蚌壳滩,2022-04-20
上海市浦东新区南阜村东汤队东汤家宅,2022-04-20
上海市浦东新区南阜村东汤队周家宅,2022-04-20
上海市浦东新区南阜村高树队北孙家宅,2022-04-20
上海市浦东新区南阜村高树队西汤家宅,2022-04-20
上海市浦东新区南林路584弄,2022-04-20
上海市浦东新区南码头路119弄,2022-04-20
上海市浦东新区南码头路1288弄,2022-04-20
上海市浦东新区南码头路1349弄,2022-04-20
上海市浦东新区南码头路1351弄,2022-04-20
上海市浦东新区南码头路1521弄,2022-04-20
上海市浦东新区南码头路1675弄,2022-04-20
上海市浦东新区南码头路1696弄,2022-04-20
上海市浦东新区南码头路193弄,2022-04-20
上海市浦东新区南码头路240弄,2022-04-20
上海市浦东新区南码头路260弄,2022-04-20
上海市浦东新区南码头路450弄,2022-04-20
上海市浦东新区南码头路451弄,2022-04-20
上海市浦东新区南泉北路101弄,2022-04-20
上海市浦东新区南泉北路1040弄,2022-04-20
上海市浦东新区南泉北路301弄,2022-04-20
上海市浦东新区南泉路1111弄,2022-04-20
上海市浦东新区南泉路1320弄,2022-04-20
上海市浦东新区南塘村顾家宅,2022-04-20
上海市浦东新区南塘村姚家宅,2022-04-20
上海市浦东新区南新村东钟家宅,2022-04-20
上海市浦东新区南新村吴家宅,2022-04-20
上海市浦东新区南新村西钟家宅,2022-04-20
上海市浦东新区南新村徐家宅,2022-04-20
上海市浦东新区南新村杨家湾,2022-04-20
上海市浦东新区南新村赵家厍,2022-04-20
上海市浦东新区南祝路258弄,2022-04-20
上海市浦东新区宁桥路825号,2022-04-20
上海市浦东新区宁阳路14弄,2022-04-20
上海市浦东新区牌楼西路303弄,2022-04-20
上海市浦东新区潘姚村西刘队刘家宅,2022-04-20
上海市浦东新区鹏飞路333弄,2022-04-20
上海市浦东新区鹏岳路152弄,2022-04-20
上海市浦东新区浦城路366弄,2022-04-20
上海市浦东新区浦城路580弄,2022-04-20
上海市浦东新区浦电路138弄,2022-04-20
上海市浦东新区浦电路149弄,2022-04-20
上海市浦东新区浦电路218号,2022-04-20
上海市浦东新区浦电路221号,2022-04-20
上海市浦东新区浦电路29弄,2022-04-20
上海市浦东新区浦电路305弄,2022-04-20
上海市浦东新区浦电路307号,2022-04-20
上海市浦东新区浦电路48弄,2022-04-20
上海市浦东新区浦东北路4588弄,2022-04-20
上海市浦东新区浦东北路东靖路交界口工地生活区,2022-04-20
上海市浦东新区浦东大道1097弄,2022-04-20
上海市浦东新区浦东大道136弄,2022-04-20
上海市浦东新区浦东大道140弄,2022-04-20
上海市浦东新区浦东大道1460弄,2022-04-20
上海市浦东新区浦东大道1615弄,2022-04-20
上海市浦东新区浦东大道1623弄,2022-04-20
上海市浦东新区浦东大道1695弄,2022-04-20
上海市浦东新区浦东大道1851弄,2022-04-20
上海市浦东新区浦东大道2331号,2022-04-20
上海市浦东新区浦东大道2511弄,2022-04-20
上海市浦东新区浦东大道2516号,2022-04-20
上海市浦东新区浦东大道2530号,2022-04-20
上海市浦东新区浦东大道2554号,2022-04-20
上海市浦东新区浦东大道2567弄,2022-04-20
上海市浦东新区浦东大道2639弄,2022-04-20
上海市浦东新区浦东大道2641弄,2022-04-20
上海市浦东新区浦东大道2778弄,2022-04-20
上海市浦东新区浦东大道2851号生活区,2022-04-20
上海市浦东新区浦东大道2894号,2022-04-20
上海市浦东新区浦东大道290弄,2022-04-20
上海市浦东新区浦东大道2920弄,2022-04-20
上海市浦东新区浦东大道2970弄,2022-04-20
上海市浦东新区浦东大道3076弄,2022-04-20
上海市浦东新区浦东南路1288号,2022-04-20
上海市浦东新区浦东南路1349号,2022-04-20
上海市浦东新区浦东南路1449号,2022-04-20
上海市浦东新区浦东南路1533号,2022-04-20
上海市浦东新区浦东南路1700弄,2022-04-20
上海市浦东新区浦东南路1862弄,2022-04-20
上海市浦东新区浦东南路2108号,2022-04-20
上海市浦东新区浦东南路2351弄,2022-04-20
上海市浦东新区浦东南路2362号,2022-04-20
上海市浦东新区浦东南路3649弄,2022-04-20
上海市浦东新区浦东南路3885弄,2022-04-20
上海市浦东新区浦东南路595弄,2022-04-20
上海市浦东新区浦东南路978号,2022-04-20
上海市浦东新区浦东南路华丰路交界口工地生活区,2022-04-20
上海市浦东新区浦建路1399弄,2022-04-20
上海市浦东新区浦明路233弄,2022-04-20
上海市浦东新区浦三路277弄,2022-04-20
上海市浦东新区浦三路2801弄,2022-04-20
上海市浦东新区浦三路3344弄,2022-04-20
上海市浦东新区浦三路635弄,2022-04-20
上海市浦东新区浦三路702弄,2022-04-20
上海市浦东新区浦三路741弄,2022-04-20
上海市浦东新区浦三路775弄,2022-04-20
上海市浦东新区浦三路930弄,2022-04-20
上海市浦东新区浦三路新浦路交界口工地生活区,2022-04-20
上海市浦东新区栖山路100弄,2022-04-20
上海市浦东新区栖山路1489弄,2022-04-20
上海市浦东新区栖山路1558弄,2022-04-20
上海市浦东新区栖山路1861弄,2022-04-20
上海市浦东新区栖山路400弄,2022-04-20
上海市浦东新区栖山路401弄,2022-04-20
上海市浦东新区栖山路友林路交界口工地生活区,2022-04-20
上海市浦东新区栖霞路190弄,2022-04-20
上海市浦东新区栖霞路286号,2022-04-20
上海市浦东新区齐河路257弄,2022-04-20
上海市浦东新区齐恒路118弄,2022-04-20
上海市浦东新区齐恒路177弄,2022-04-20
上海市浦东新区齐恒路33弄,2022-04-20
上海市浦东新区前锋村夹路村宅,2022-04-20
上海市浦东新区前锋村陆家宅,2022-04-20
上海市浦东新区前哨村包家宅,2022-04-20
上海市浦东新区前哨村陈家宅,2022-04-20
上海市浦东新区钱堂村立达宅,2022-04-20
上海市浦东新区秦家港路华谐路交界口工地生活区,2022-04-20
上海市浦东新区勤奋村黄家宅,2022-04-20
上海市浦东新区勤奋村九队新村,2022-04-20
上海市浦东新区勤奋村张家宅,2022-04-20
上海市浦东新区勤俭村北杨家宅,2022-04-20
上海市浦东新区勤益村徐家宅,2022-04-20
上海市浦东新区青四村南邬家宅,2022-04-20
上海市浦东新区青桐路18弄,2022-04-20
上海市浦东新区庆丰村顾家宅,2022-04-20
上海市浦东新区秋岚路91弄,2022-04-20
上海市浦东新区人南村,2022-04-20
上海市浦东新区荣成路85弄,2022-04-20
上海市浦东新区荣成路9弄,2022-04-20
上海市浦东新区乳山路114弄,2022-04-20
上海市浦东新区乳山路161弄,2022-04-20
上海市浦东新区乳山路200弄,2022-04-20
上海市浦东新区乳山路313弄,2022-04-20
上海市浦东新区瑞安路211弄,2022-04-20
上海市浦东新区瑞安路80弄,2022-04-20
上海市浦东新区瑞浦路287弄,2022-04-20
上海市浦东新区瑞阳路81弄,2022-04-20
上海市浦东新区三彩路52弄,2022-04-20
上海市浦东新区三彩路59弄,2022-04-20
上海市浦东新区三岔港村,2022-04-20
上海市浦东新区三林路1300弄,2022-04-20
上海市浦东新区三林路168号,2022-04-20
上海市浦东新区三林路184号,2022-04-20
上海市浦东新区三林路200号,2022-04-20
上海市浦东新区三林路235号,2022-04-20
上海市浦东新区三林路519弄,2022-04-20
上海市浦东新区三林路788弄,2022-04-20
上海市浦东新区三林路88弄,2022-04-20
上海市浦东新区三舒路181弄,2022-04-20
上海市浦东新区三舒路192弄,2022-04-20
上海市浦东新区三舒路33弄,2022-04-20
上海市浦东新区三舒路62弄,2022-04-20
上海市浦东新区三旋路506弄,2022-04-20
上海市浦东新区三灶路451弄,2022-04-20
上海市浦东新区沙北村,2022-04-20
上海市浦东新区商城路1177弄,2022-04-20
上海市浦东新区商城路1288号工地生活区,2022-04-20
上海市浦东新区商城路48弄,2022-04-20
上海市浦东新区上川路620号,2022-04-20
上海市浦东新区上南路1000弄,2022-04-20
上海市浦东新区上南路1251弄,2022-04-20
上海市浦东新区上南路1551弄,2022-04-20
上海市浦东新区上南路3339弄,2022-04-20
上海市浦东新区上南路3500弄,2022-04-20
上海市浦东新区上南路3520弄,2022-04-20
上海市浦东新区上南路3521号,2022-04-20
上海市浦东新区上南路3651弄,2022-04-20
上海市浦东新区上南路3880弄,2022-04-20
上海市浦东新区上南路3899弄,2022-04-20
上海市浦东新区上南路4071弄,2022-04-20
上海市浦东新区上南路4185弄,2022-04-20
上海市浦东新区上南路4265弄,2022-04-20
上海市浦东新区上南路6333弄,2022-04-20
上海市浦东新区上南路6500弄,2022-04-20
上海市浦东新区上南路6620弄,2022-04-20
上海市浦东新区上南路7718弄,2022-04-20
上海市浦东新区上南路929弄,2022-04-20
上海市浦东新区上浦路165弄,2022-04-20
上海市浦东新区上浦路201弄,2022-04-20
上海市浦东新区上浦路355弄,2022-04-20
上海市浦东新区上浦路410弄,2022-04-20
上海市浦东新区上浦路480弄,2022-04-20
上海市浦东新区上浦路505弄,2022-04-20
上海市浦东新区上浦路510弄,2022-04-20
上海市浦东新区尚博路129弄,2022-04-20
上海市浦东新区尚博路650弄,2022-04-20
上海市浦东新区申波路83弄,2022-04-20
上海市浦东新区申江路985弄,2022-04-20
上海市浦东新区申江路轲桥路交界口工地生活区,2022-04-20
上海市浦东新区沈家弄路870弄,2022-04-20
上海市浦东新区沈家弄路877弄,2022-04-20
上海市浦东新区沈家弄路900弄,2022-04-20
上海市浦东新区沈庄村,2022-04-20
上海市浦东新区胜利路836弄,2022-04-20
上海市浦东新区胜利路851弄,2022-04-20
上海市浦东新区盛夏路1107弄,2022-04-20
上海市浦东新区盛朱村,2022-04-20
上海市浦东新区施湾三路1056弄,2022-04-20
上海市浦东新区施湾三路1105弄,2022-04-20
上海市浦东新区石皮路89弄,2022-04-20
上海市浦东新区世博家园大道站路94弄,2022-04-20
上海市浦东新区世纪大道杨高南路交界口工地生活区,2022-04-20
上海市浦东新区寿光路161弄,2022-04-20
上海市浦东新区寿光路31弄,2022-04-20
上海市浦东新区寿光路75弄,2022-04-20
上海市浦东新区寿光路81弄,2022-04-20
上海市浦东新区双桥路1108弄,2022-04-20
上海市浦东新区双桥路180弄,2022-04-20
上海市浦东新区思浦路11弄,2022-04-20
上海市浦东新区思浦路15弄,2022-04-20
上海市浦东新区思浦路16弄,2022-04-20
上海市浦东新区思学路165弄,2022-04-20
上海市浦东新区松林路97弄,2022-04-20
上海市浦东新区孙建路111弄,2022-04-20
上海市浦东新区孙桥路238弄,2022-04-20
上海市浦东新区孙耀路111弄,2022-04-20
上海市浦东新区台儿庄路363弄,2022-04-20
上海市浦东新区台儿庄路579弄,2022-04-20
上海市浦东新区台儿庄路663弄,2022-04-20
上海市浦东新区坦南村,2022-04-20
上海市浦东新区唐陆公路568弄,2022-04-20
上海市浦东新区唐四村孙家新村,2022-04-20
上海市浦东新区塘南路159弄,2022-04-20
上海市浦东新区塘桥路551号,2022-04-20
上海市浦东新区桃林路299弄,2022-04-20
上海市浦东新区桃林路815弄,2022-04-20
上海市浦东新区陶桥村,2022-04-20
上海市浦东新区天花庵村北陈队大陈家宅,2022-04-20
上海市浦东新区天花庵村东瞿队大瞿家宅,2022-04-20
上海市浦东新区天花庵村乐耕队,2022-04-20
上海市浦东新区天花庵村闵北队闵家宅,2022-04-20
上海市浦东新区天花庵村闵西队闵家宅,2022-04-20
上海市浦东新区天花庵村南陈队大陈家宅,2022-04-20
上海市浦东新区天花庵村南王家队南王家宅,2022-04-20
上海市浦东新区天花庵村南周家队大周家宅,2022-04-20
上海市浦东新区天花庵村王家队王家宅,2022-04-20
上海市浦东新区天花庵村卫家队,2022-04-20
上海市浦东新区听民路242弄,2022-04-20
上海市浦东新区听谐路73弄,2022-04-20
上海市浦东新区听悦路960弄,2022-04-20
上海市浦东新区通济路4,2022-04-20
上海市浦东新区号,2022-04-20
上海市浦东新区同济村果园队果园,2022-04-20
上海市浦东新区团林路38号,2022-04-20
上海市浦东新区湾镇村张家宅,2022-04-20
上海市浦东新区万德路11弄,2022-04-20
上海市浦东新区万六村,2022-04-20
上海市浦东新区潍坊路126弄,2022-04-20
上海市浦东新区潍坊路140弄,2022-04-20
上海市浦东新区潍坊路154弄,2022-04-20
上海市浦东新区潍坊路333弄,2022-04-20
上海市浦东新区潍坊路335弄,2022-04-20
上海市浦东新区潍坊路375弄,2022-04-20
上海市浦东新区潍坊路606号,2022-04-20
上海市浦东新区潍坊路89弄,2022-04-20
上海市浦东新区潍坊西路100弄,2022-04-20
上海市浦东新区潍坊西路1弄,2022-04-20
上海市浦东新区潍坊西路2弄,2022-04-20
上海市浦东新区卫行村顾家队顾家宅,2022-04-20
上海市浦东新区卫行村顾家队张家宅,2022-04-20
上海市浦东新区卫行村沈家队沈家宅,2022-04-20
上海市浦东新区卫行村张浜队曹家宅,2022-04-20
上海市浦东新区卫行村张浜队南顾家宅,2022-04-20
上海市浦东新区卫行村张浜队王家宅,2022-04-20
上海市浦东新区卫行村张浜队杨家宅,2022-04-20
上海市浦东新区卫行村张浜队张家宅,2022-04-20
上海市浦东新区卫行村朱家队朱家宅,2022-04-20
上海市浦东新区卫行西路185号工地生活区,2022-04-20
上海市浦东新区五莲路100弄,2022-04-20
上海市浦东新区五莲路1047弄,2022-04-20
上海市浦东新区五莲路108弄,2022-04-20
上海市浦东新区五莲路1728弄,2022-04-20
上海市浦东新区五莲路1769弄,2022-04-20
上海市浦东新区五莲路201弄,2022-04-20
上海市浦东新区五莲路30弄,2022-04-20
上海市浦东新区五莲路400弄,2022-04-20
上海市浦东新区五莲路593弄,2022-04-20
上海市浦东新区五莲路780弄,2022-04-20
上海市浦东新区五星村陈家队陈家宅,2022-04-20
上海市浦东新区五星村三联队黄家宅,2022-04-20
上海市浦东新区五星村吴家队吴家宅,2022-04-20
上海市浦东新区五星村徐家队顾家宅,2022-04-20
上海市浦东新区五星路231弄,2022-04-20
上海市浦东新区五星路239弄,2022-04-20
上海市浦东新区西浜头,2022-04-20
上海市浦东新区西林村圈门队西林街,2022-04-20
上海市浦东新区西林村圈门队叶家宅,2022-04-20
上海市浦东新区西林村任桥队西林街,2022-04-20
上海市浦东新区西林村任桥队奚家宅,2022-04-20
上海市浦东新区西林村万家队西林街,2022-04-20
上海市浦东新区西林村万家队奚家宅,2022-04-20
上海市浦东新区西泰林路850弄,2022-04-20
上海市浦东新区西泰林路901弄,2022-04-20
上海市浦东新区西营路106号,2022-04-20
上海市浦东新区西营路33弄,2022-04-20
上海市浦东新区西营南路11弄,2022-04-20
上海市浦东新区西营南路18弄,2022-04-20
上海市浦东新区西营南路68弄,2022-04-20
上海市浦东新区奚家村奚家宅,2022-04-20
上海市浦东新区下南路225弄,2022-04-20
上海市浦东新区下南路276弄,2022-04-20
上海市浦东新区下南路309弄,2022-04-20
上海市浦东新区下南路320弄,2022-04-20
上海市浦东新区下南路339弄,2022-04-20
上海市浦东新区下南路465弄,2022-04-20
上海市浦东新区下南路500弄,2022-04-20
上海市浦东新区下南路501弄,2022-04-20
上海市浦东新区下南路518弄,2022-04-20
上海市浦东新区下南路526弄,2022-04-20
上海市浦东新区先锋村卢家宅,2022-04-20
上海市浦东新区先锋村西周家宅,2022-04-20
上海市浦东新区祥安路148弄,2022-04-20
上海市浦东新区小南码头路4弄,2022-04-20
上海市浦东新区新春村黄家宅,2022-04-20
上海市浦东新区新春村徐家宅,2022-04-20
上海市浦东新区新光村沈家旗杆,2022-04-20
上海市浦东新区新虹村刘家宅,2022-04-20
上海市浦东新区新虹村陆家宅,2022-04-20
上海市浦东新区新虹村杨家门,2022-04-20
上海市浦东新区新虹村赵家宅,2022-04-20
上海市浦东新区新环西路777弄,2022-04-20
上海市浦东新区新龙路69弄,2022-04-20
上海市浦东新区新浦路199弄,2022-04-20
上海市浦东新区新浦路251弄,2022-04-20
上海市浦东新区新浦路380弄,2022-04-20
上海市浦东新区新浦路543弄,2022-04-20
上海市浦东新区新浦路587弄,2022-04-20
上海市浦东新区新浦路673弄,2022-04-20
上海市浦东新区新浦路91弄,2022-04-20
上海市浦东新区新卫村,2022-04-20
上海市浦东新区新星村东新港,2022-04-20
上海市浦东新区新星村胡家宅,2022-04-20
上海市浦东新区新星村黄家圈,2022-04-20
上海市浦东新区新星村新村,2022-04-20
上海市浦东新区新元南路正茂路交界口工地生活区,2022-04-20
上海市浦东新区新园路251弄,2022-04-20
上海市浦东新区新园路288弄,2022-04-20
上海市浦东新区新园路32弄,2022-04-20
上海市浦东新区新园路436弄,2022-04-20
上海市浦东新区星火村陆家宅,2022-04-20
上海市浦东新区秀沿路2999弄,2022-04-20
上海市浦东新区秀沿路3668号,2022-04-20
上海市浦东新区秀沿西路218弄,2022-04-20
上海市浦东新区秀沿西路258弄,2022-04-20
上海市浦东新区徐庙村,2022-04-20
上海市浦东新区宣镇东路625弄,2022-04-20
上海市浦东新区雪野二路296号工地生活区,2022-04-20
上海市浦东新区迅建村蔡家宅,2022-04-20
上海市浦东新区严民路40弄,2022-04-20
上海市浦东新区严桥路108弄,2022-04-20
上海市浦东新区严镇路75弄,2022-04-20
上海市浦东新区杨高南路3288弄,2022-04-20
上海市浦东新区杨高南路4501弄,2022-04-20
上海市浦东新区杨高南路5055弄,2022-04-20
上海市浦东新区杨高中路10弄,2022-04-20
上海市浦东新区杨辉村,2022-04-20
上海市浦东新区杨莲路160弄,2022-04-20
上海市浦东新区杨南路1139弄,2022-04-20
上海市浦东新区杨南路1168弄,2022-04-20
上海市浦东新区杨南路1899弄,2022-04-20
上海市浦东新区杨南路689弄,2022-04-20
上海市浦东新区杨南路694弄,2022-04-20
上海市浦东新区杨南路797弄,2022-04-20
上海市浦东新区杨桥村蒋家队北季家宅,2022-04-20
上海市浦东新区杨桥村西计队西计家宅,2022-04-20
上海市浦东新区杨桥村郑家队郑家宅,2022-04-20
上海市浦东新区杨思北街118弄,2022-04-20
上海市浦东新区杨思路1121弄,2022-04-20
上海市浦东新区杨思路436弄,2022-04-20
上海市浦东新区杨思路502弄,2022-04-20
上海市浦东新区杨思路855弄,2022-04-20
上海市浦东新区杨思路860弄,2022-04-20
上海市浦东新区杨思新村,2022-04-20
上海市浦东新区杨新路197弄,2022-04-20
上海市浦东新区杨新路198弄,2022-04-20
上海市浦东新区杨新路20弄,2022-04-20
上海市浦东新区杨张村,2022-04-20
上海市浦东新区洋泾镇路61号工地生活区,2022-04-20
上海市浦东新区洋泾镇路89弄,2022-04-20
上海市浦东新区药师村,2022-04-20
上海市浦东新区耀华路220弄,2022-04-20
上海市浦东新区耀华路260号,2022-04-20
上海市浦东新区耀华路30弄,2022-04-20
上海市浦东新区耀华路331弄,2022-04-20
上海市浦东新区耀华路400弄,2022-04-20
上海市浦东新区耀华路414弄,2022-04-20
上海市浦东新区耀华路421弄,2022-04-20
上海市浦东新区耀华路500弄,2022-04-20
上海市浦东新区耀华路550弄,2022-04-20
上海市浦东新区耀华路579弄,2022-04-20
上海市浦东新区耀华路87弄,2022-04-20
上海市浦东新区耀江路355号工地生活区,2022-04-20
上海市浦东新区耀元路245弄,2022-04-20
上海市浦东新区一六村金桥队南赵家宅,2022-04-20
上海市浦东新区一六村赵家队北赵家宅,2022-04-20
上海市浦东新区一六村赵家队南赵家宅,2022-04-20
上海市浦东新区沂南路54弄,2022-04-20
上海市浦东新区益江路126弄,2022-04-20
上海市浦东新区益江路286弄,2022-04-20
上海市浦东新区益江路299弄,2022-04-20
上海市浦东新区益江路396弄,2022-04-20
上海市浦东新区益江路511弄,2022-04-20
上海市浦东新区益民村老周家宅,2022-04-20
上海市浦东新区懿德村钱家队钱家宅,2022-04-20
上海市浦东新区懿德村吴家队吴家宅,2022-04-20
上海市浦东新区懿德村小陈家队小陈家宅,2022-04-20
上海市浦东新区懿德村小瞿家队小瞿家宅,2022-04-20
上海市浦东新区懿行路971弄,2022-04-20
上海市浦东新区银冬路568号生活区,2022-04-20
上海市浦东新区银峰路549弄,2022-04-20
上海市浦东新区银山路115弄,2022-04-20
上海市浦东新区银山路181号,2022-04-20
上海市浦东新区银山路200弄,2022-04-20
上海市浦东新区银霄路100弄,2022-04-20
上海市浦东新区银樽路58弄,2022-04-20
上海市浦东新区英雄村,2022-04-20
上海市浦东新区樱花路469弄,2022-04-20
上海市浦东新区樱花路801弄,2022-04-20
上海市浦东新区迎春路1355弄,2022-04-20
上海市浦东新区营房村,2022-04-20
上海市浦东新区永安新村,2022-04-20
上海市浦东新区永丰村孙家宅,2022-04-20
上海市浦东新区永红村丁家宅,2022-04-20
上海市浦东新区永红村秦家宅,2022-04-20
上海市浦东新区永红村陶家宅,2022-04-20
上海市浦东新区永红村薛家宅,2022-04-20
上海市浦东新区永利村冯家宅,2022-04-20
上海市浦东新区永利村龚家宅,2022-04-20
上海市浦东新区永利村马家宅,2022-04-20
上海市浦东新区永泰路1129弄,2022-04-20
上海市浦东新区永泰路133弄,2022-04-20
上海市浦东新区永泰路1650弄,2022-04-20
上海市浦东新区永泰路2079弄,2022-04-20
上海市浦东新区永泰路630弄,2022-04-20
上海市浦东新区永泰路775弄,2022-04-20
上海市浦东新区永业路94弄,2022-04-20
上海市浦东新区羽山路1000弄,2022-04-20
上海市浦东新区羽山路100弄,2022-04-20
上海市浦东新区羽山路1980弄,2022-04-20
上海市浦东新区羽山路383弄,2022-04-20
上海市浦东新区玉泉街77弄,2022-04-20
上海市浦东新区御衡路68弄,2022-04-20
上海市浦东新区御桥村姚家队姚家宅,2022-04-20
上海市浦东新区御桥村印家队东印家圈,2022-04-20
上海市浦东新区御桥路1679弄,2022-04-20
上海市浦东新区御桥路1978弄,2022-04-20
上海市浦东新区御桥路2066弄,2022-04-20
上海市浦东新区御桥路288弄,2022-04-20
上海市浦东新区御青路328弄,2022-04-20
上海市浦东新区御青路56弄,2022-04-20
上海市浦东新区御山路347弄,2022-04-20
上海市浦东新区御山路390弄,2022-04-20
上海市浦东新区御水路199弄,2022-04-20
上海市浦东新区园二路299弄,2022-04-20
上海市浦东新区源深路600弄,2022-04-20
上海市浦东新区跃丰村徐家宅,2022-04-20
上海市浦东新区跃丰村庄家宅,2022-04-20
上海市浦东新区跃进村东石家宅,2022-04-20
上海市浦东新区跃进村凤家宅,2022-04-20
上海市浦东新区云桥路796号,2022-04-20
上海市浦东新区云山路1039弄,2022-04-20
上海市浦东新区云山路1045弄,2022-04-20
上海市浦东新区云台路1000弄,2022-04-20
上海市浦东新区运通路6号,2022-04-20
上海市浦东新区运通路728弄,2022-04-20
上海市浦东新区枣庄路658弄,2022-04-20
上海市浦东新区枣庄路769弄,2022-04-20
上海市浦东新区枣庄路810弄,2022-04-20
上海市浦东新区枣庄路815号,2022-04-20
上海市浦东新区枣庄路998弄,2022-04-20
上海市浦东新区展凌路58弄,2022-04-20
上海市浦东新区张东路2281弄,2022-04-20
上海市浦东新区张唐村,2022-04-20
上海市浦东新区张杨北路558弄,2022-04-20
上海市浦东新区张杨北路588弄,2022-04-20
上海市浦东新区张杨路1269弄,2022-04-20
上海市浦东新区张杨路1515弄,2022-04-20
上海市浦东新区张杨路1698弄,2022-04-20
上海市浦东新区张杨路1811弄,2022-04-20
上海市浦东新区张杨路310弄,2022-04-20
上海市浦东新区张杨路370弄,2022-04-20
上海市浦东新区张杨路628弄,2022-04-20
上海市浦东新区张杨路951弄,2022-04-20
上海市浦东新区招远路19弄,2022-04-20
上海市浦东新区振桥路55号工地生活区,2022-04-20
上海市浦东新区振兴东路15弄,2022-04-20
上海市浦东新区正茂路1881号生活区,2022-04-20
上海市浦东新区直属村太平宅,2022-04-20
上海市浦东新区中界村陈家队陈家宅,2022-04-20
上海市浦东新区中界村复兴队陈家宅,2022-04-20
上海市浦东新区中界村复兴队顾家宅,2022-04-20
上海市浦东新区中界村复兴队苏家宅,2022-04-20
上海市浦东新区中界村复兴队孙家宅,2022-04-20
上海市浦东新区中界村黄家队黄家宅,2022-04-20
上海市浦东新区中界村黄家队孔家圈,2022-04-20
上海市浦东新区中界村季家队季家宅,2022-04-20
上海市浦东新区中界村林家队林家湾,2022-04-20
上海市浦东新区中界村陆家队陆家宅,2022-04-20
上海市浦东新区中界村秦家宅,2022-04-20
上海市浦东新区中界村沈家队沈家宅,2022-04-20
上海市浦东新区中界村沈家队姚家宅,2022-04-20
上海市浦东新区中界村苏家队陈家宅,2022-04-20
上海市浦东新区中界村苏家队苏家宅,2022-04-20
上海市浦东新区中界村中界庙,2022-04-20
上海市浦东新区中界村庄家队蔡家宅,2022-04-20
上海市浦东新区中林村,2022-04-20
上海市浦东新区中圩村唐家宅,2022-04-20
上海市浦东新区中心村王家宅,2022-04-20
上海市浦东新区众三村顾家宅,2022-04-20
上海市浦东新区众三村南俞家圈,2022-04-20
上海市浦东新区周邓公路6600弄,2022-04-20
上海市浦东新区周汇路158弄,2022-04-20
上海市浦东新区周康路869弄,2022-04-20
上海市浦东新区周秀路336弄,2022-04-20
上海市浦东新区周秀路516弄,2022-04-20
上海市浦东新区周祝公路1218号,2022-04-20
上海市浦东新区洲德路博艺路交界口工地生活区,2022-04-20
上海市浦东新区竹柏路366弄,2022-04-20
上海市浦东新区祝飞路7号工地生活区,2022-04-20
上海市浦东新区祝家港路255弄,2022-04-20
上海市浦东新区祝家港路399弄,2022-04-20
上海市浦东新区祝桥工业城1区,2022-04-20
上海市浦东新区梓康路188弄,2022-04-20
上海市浦东新区紫叶路116弄,2022-04-20
上海市浦东新区紫叶路192弄,2022-04-20
上海市浦东新区紫叶路65弄,2022-04-20
上海市浦东新区邹平路191号工地生活区,2022-04-20
上海市浦东新区祖冲之路集创路交界口工地生活区,2022-04-20
上海市黄浦区半淞园路188号,2022-04-20
上海市黄浦区半淞园路585弄,2022-04-20
上海市黄浦区半淞园路628号,2022-04-20
上海市黄浦区半淞园路650号,2022-04-20
上海市黄浦区半淞园路698弄,2022-04-20
上海市黄浦区保屯路211弄,2022-04-20
上海市黄浦区保屯路36弄,2022-04-20
上海市黄浦区保屯路38号,2022-04-20
上海市黄浦区保屯路50弄,2022-04-20
上海市黄浦区保屯路99弄,2022-04-20
上海市黄浦区北海路267弄,2022-04-20
上海市黄浦区北京东路200弄,2022-04-20
上海市黄浦区北京东路316弄,2022-04-20
上海市黄浦区北京东路335号,2022-04-20
上海市黄浦区北京东路345号,2022-04-20
上海市黄浦区北京东路355号,2022-04-20
上海市黄浦区北京东路360弄,2022-04-20
上海市黄浦区北京东路431弄,2022-04-20
上海市黄浦区北京东路432号,2022-04-20
上海市黄浦区北京东路460号,2022-04-20
上海市黄浦区北京东路498号,2022-04-20
上海市黄浦区北京西路206号,2022-04-20
上海市黄浦区北京西路239弄,2022-04-20
上海市黄浦区北京西路256号,2022-04-20
上海市黄浦区北京西路257号,2022-04-20
上海市黄浦区北京西路267号,2022-04-20
上海市黄浦区北京西路318弄,2022-04-20
上海市黄浦区曹家街25号,2022-04-20
上海市黄浦区曹家街33号,2022-04-20
上海市黄浦区曹家街48弄,2022-04-20
上海市黄浦区曹家街55弄,2022-04-20
上海市黄浦区曹家街61号,2022-04-20
上海市黄浦区曹家弄3号,2022-04-20
上海市黄浦区曹家弄5号,2022-04-20
上海市黄浦区曹家弄7号,2022-04-20
上海市黄浦区曹市弄20弄,2022-04-20
上海市黄浦区曹市弄23弄,2022-04-20
上海市黄浦区曹市弄33弄,2022-04-20
上海市黄浦区曹市弄42弄,2022-04-20
上海市黄浦区曹市弄54弄,2022-04-20
上海市黄浦区曹市弄8弄,2022-04-20
上海市黄浦区长乐路103号,2022-04-20
上海市黄浦区长乐路119号,2022-04-20
上海市黄浦区长乐路169弄,2022-04-20
上海市黄浦区长乐路338号,2022-04-20
上海市黄浦区长乐路83弄,2022-04-20
上海市黄浦区长乐路99号,2022-04-20
上海市黄浦区车站支路99弄,2022-04-20
上海市黄浦区车站支路9弄,2022-04-20
上海市黄浦区成都北路262弄,2022-04-20
上海市黄浦区成都南路106号,2022-04-20
上海市黄浦区成都南路108弄,2022-04-20
上海市黄浦区成都南路116号,2022-04-20
上海市黄浦区成都南路118号,2022-04-20
上海市黄浦区成都南路122号,2022-04-20
上海市黄浦区成都南路132弄,2022-04-20
上海市黄浦区成都南路134号,2022-04-20
上海市黄浦区成都南路85弄,2022-04-20
上海市黄浦区重庆北路104号,2022-04-20
上海市黄浦区重庆北路106号,2022-04-20
上海市黄浦区重庆北路110号,2022-04-20
上海市黄浦区重庆北路114号,2022-04-20
上海市黄浦区重庆北路116号,2022-04-20
上海市黄浦区重庆北路132号,2022-04-20
上海市黄浦区重庆北路177弄,2022-04-20
上海市黄浦区重庆北路205号,2022-04-20
上海市黄浦区重庆北路216弄,2022-04-20
上海市黄浦区重庆北路235号,2022-04-20
上海市黄浦区重庆北路318弄,2022-04-20
上海市黄浦区重庆北路94弄,2022-04-20
上海市黄浦区重庆南路163弄,2022-04-20
上海市黄浦区重庆南路169弄,2022-04-20
上海市黄浦区重庆南路205弄,2022-04-20
上海市黄浦区重庆南路26弄,2022-04-20
上海市黄浦区重庆南路283号,2022-04-20
上海市黄浦区重庆南路30弄,2022-04-20
上海市黄浦区打浦路299弄,2022-04-20
上海市黄浦区打浦路303弄,2022-04-20
上海市黄浦区打浦路316弄,2022-04-20
上海市黄浦区打浦路339弄,2022-04-20
上海市黄浦区打浦路38弄,2022-04-20
上海市黄浦区打浦路398弄,2022-04-20
上海市黄浦区打浦路80弄,2022-04-20
上海市黄浦区打浦路90弄,2022-04-20
上海市黄浦区打浦路92号,2022-04-20
上海市黄浦区大夫坊35号,2022-04-20
上海市黄浦区大夫坊95号,2022-04-20
上海市黄浦区大沽路138弄,2022-04-20
上海市黄浦区大沽路139弄,2022-04-20
上海市黄浦区大沽路141号,2022-04-20
上海市黄浦区大沽路145号,2022-04-20
上海市黄浦区大沽路151号,2022-04-20
上海市黄浦区大沽路155号,2022-04-20
上海市黄浦区大沽路159号,2022-04-20
上海市黄浦区大沽路163号,2022-04-20
上海市黄浦区大沽路169号,2022-04-20
上海市黄浦区大沽路173号,2022-04-20
上海市黄浦区大沽路177号,2022-04-20
上海市黄浦区大沽路183弄,2022-04-20
上海市黄浦区大沽路186弄,2022-04-20
上海市黄浦区大沽路191号,2022-04-20
上海市黄浦区大沽路197号,2022-04-20
上海市黄浦区大沽路252号,2022-04-20
上海市黄浦区大沽路254号,2022-04-20
上海市黄浦区大沽路256号,2022-04-20
上海市黄浦区大吉路173弄,2022-04-20
上海市黄浦区大吉路314号,2022-04-20
上海市黄浦区大吉路44弄,2022-04-20
上海市黄浦区大林路31弄,2022-04-20
上海市黄浦区大林路43弄,2022-04-20
上海市黄浦区大林路86号,2022-04-20
上海市黄浦区大林路95号,2022-04-20
上海市黄浦区淡水路214弄,2022-04-20
上海市黄浦区淡水路226号,2022-04-20
上海市黄浦区淡水路227弄,2022-04-20
上海市黄浦区淡水路244号,2022-04-20
上海市黄浦区淡水路256弄,2022-04-20
上海市黄浦区淡水路266弄,2022-04-20
上海市黄浦区淡水路345弄,2022-04-20
上海市黄浦区淡水路460弄,2022-04-20
上海市黄浦区滇池路116号,2022-04-20
上海市黄浦区东江阴街222号,2022-04-20
上海市黄浦区东街123号,2022-04-20
上海市黄浦区东街167弄,2022-04-20
上海市黄浦区东街76号,2022-04-20
上海市黄浦区东台路279号,2022-04-20
上海市黄浦区多稼路218号,2022-04-20
上海市黄浦区方浜西路63弄,2022-04-20
上海市黄浦区方浜西路69号,2022-04-20
上海市黄浦区方浜西路77号,2022-04-20
上海市黄浦区方浜中路523号,2022-04-20
上海市黄浦区方斜路269号,2022-04-20
上海市黄浦区方斜路556弄,2022-04-20
上海市黄浦区方斜支路35弄,2022-04-20
上海市黄浦区丰记码头街95弄,2022-04-20
上海市黄浦区凤阳路200弄,2022-04-20
上海市黄浦区凤阳路228弄,2022-04-20
上海市黄浦区凤阳路470号,2022-04-20
上海市黄浦区福建南路84弄,2022-04-20
上海市黄浦区福州路105号,2022-04-20
上海市黄浦区福州路37号,2022-04-20
上海市黄浦区福州路384弄,2022-04-20
上海市黄浦区福州路614弄,2022-04-20
上海市黄浦区福州路623号,2022-04-20
上海市黄浦区抚安街27号,2022-04-20
上海市黄浦区抚安街9弄,2022-04-20
上海市黄浦区复兴东路248号,2022-04-20
上海市黄浦区复兴东路349弄,2022-04-20
上海市黄浦区复兴东路354号,2022-04-20
上海市黄浦区复兴东路356号,2022-04-20
上海市黄浦区复兴东路404弄,2022-04-20
上海市黄浦区复兴东路451弄,2022-04-20
上海市黄浦区复兴东路519弄,2022-04-20
上海市黄浦区复兴东路671号,2022-04-20
上海市黄浦区复兴东路673号,2022-04-20
上海市黄浦区复兴东路699号,2022-04-20
上海市黄浦区复兴中路455弄,2022-04-20
上海市黄浦区复兴中路553弄,2022-04-20
上海市黄浦区傅家街64弄,2022-04-20
上海市黄浦区高家横弄18弄,2022-04-20
上海市黄浦区高家横弄19弄,2022-04-20
上海市黄浦区高家弄28号,2022-04-20
上海市黄浦区高家弄37弄,2022-04-20
上海市黄浦区高家弄45弄,2022-04-20
上海市黄浦区光启路103弄,2022-04-20
上海市黄浦区光启路111号,2022-04-20
上海市黄浦区光启路123号,2022-04-20
上海市黄浦区光启路129号,2022-04-20
上海市黄浦区光启路131号,2022-04-20
上海市黄浦区光启路135号,2022-04-20
上海市黄浦区光启路215号,2022-04-20
上海市黄浦区光启路91号,2022-04-20
上海市黄浦区广东路123号,2022-04-20
上海市黄浦区广东路137弄,2022-04-20
上海市黄浦区广东路138号,2022-04-20
上海市黄浦区广东路140号,2022-04-20
上海市黄浦区广东路152号,2022-04-20
上海市黄浦区广东路162号,2022-04-20
上海市黄浦区广东路200号,2022-04-20
上海市黄浦区广东路240号,2022-04-20
上海市黄浦区广东路306号,2022-04-20
上海市黄浦区广东路339号,2022-04-20
上海市黄浦区广东路471号,2022-04-20
上海市黄浦区广东路540号,2022-04-20
上海市黄浦区广东路543号,2022-04-20
上海市黄浦区广东路555号,2022-04-20
上海市黄浦区广东路570号,2022-04-20
上海市黄浦区广东路614号,2022-04-20
上海市黄浦区广东路652号,2022-04-20
上海市黄浦区广西北路200号,2022-04-20
上海市黄浦区广西北路423号,2022-04-20
上海市黄浦区广西北路429号,2022-04-20
上海市黄浦区广西北路441号,2022-04-20
上海市黄浦区广西北路517号,2022-04-20
上海市黄浦区广西北路519号,2022-04-20
上海市黄浦区贵州路124号,2022-04-20
上海市黄浦区贵州路131弄,2022-04-20
上海市黄浦区贵州路151号,2022-04-20
上海市黄浦区贵州路198弄,2022-04-20
上海市黄浦区贵州路77弄,2022-04-20
上海市黄浦区贵州路82号,2022-04-20
上海市黄浦区海潮路222弄,2022-04-20
上海市黄浦区海潮路230弄,2022-04-20
上海市黄浦区海潮路240弄,2022-04-20
上海市黄浦区海潮路256弄,2022-04-20
上海市黄浦区海潮路33号,2022-04-20
上海市黄浦区海口路37号,2022-04-20
上海市黄浦区海口路9号,2022-04-20
上海市黄浦区海南西弄52号,2022-04-20
上海市黄浦区汉口路126号,2022-04-20
上海市黄浦区汉口路455弄,2022-04-20
上海市黄浦区合肥路343号,2022-04-20
上海市黄浦区合肥路349弄,2022-04-20
上海市黄浦区和顺街18号,2022-04-20
上海市黄浦区和顺街26弄,2022-04-20
上海市黄浦区和顺街5号,2022-04-20
上海市黄浦区和顺街8号,2022-04-20
上海市黄浦区河南南路1001弄,2022-04-20
上海市黄浦区河南南路107号,2022-04-20
上海市黄浦区河南南路368弄,2022-04-20
上海市黄浦区河南南路555弄,2022-04-20
上海市黄浦区河南南路592弄,2022-04-20
上海市黄浦区河南南路600弄,2022-04-20
上海市黄浦区河南南路612弄,2022-04-20
上海市黄浦区河南南路703弄,2022-04-20
上海市黄浦区河南中路130号,2022-04-20
上海市黄浦区河南中路166弄,2022-04-20
上海市黄浦区河南中路531弄,2022-04-20
上海市黄浦区河南中路541弄,2022-04-20
上海市黄浦区河南中路575弄,2022-04-20
上海市黄浦区淮海东路89弄,2022-04-20
上海市黄浦区淮海中路542弄,2022-04-20
上海市黄浦区淮海中路584弄,2022-04-20
上海市黄浦区淮海中路593弄,2022-04-20
上海市黄浦区淮海中路613弄,2022-04-20
上海市黄浦区淮海中路701号,2022-04-20
上海市黄浦区淮海中路776号,2022-04-20
上海市黄浦区淮海中路809号,2022-04-20
上海市黄浦区淮海中路833弄,2022-04-20
上海市黄浦区淮海中路855弄,2022-04-20
上海市黄浦区淮海中路899弄,2022-04-20
上海市黄浦区淮海中路927弄,2022-04-20
上海市黄浦区黄陂南路586号,2022-04-20
上海市黄浦区黄陂南路596弄,2022-04-20
上海市黄浦区黄河路107弄,2022-04-20
上海市黄浦区黄河路125弄,2022-04-20
上海市黄浦区黄河路14号,2022-04-20
上海市黄浦区黄河路215弄,2022-04-20
上海市黄浦区黄河路223弄,2022-04-20
上海市黄浦区黄河路231弄,2022-04-20
上海市黄浦区黄河路239号,2022-04-20
上海市黄浦区黄河路253弄,2022-04-20
上海市黄浦区黄河路259弄,2022-04-20
上海市黄浦区黄河路281弄,2022-04-20
上海市黄浦区黄河路65号,2022-04-20
上海市黄浦区黄河路98号,2022-04-20
上海市黄浦区黄家路55弄,2022-04-20
上海市黄浦区黄家路88弄,2022-04-20
上海市黄浦区黄家路99弄,2022-04-20
上海市黄浦区黄家阙路68弄,2022-04-20
上海市黄浦区黄家阙路72弄,2022-04-20
上海市黄浦区黄家阙路76弄,2022-04-20
上海市黄浦区徽宁路428弄,2022-04-20
上海市黄浦区徽宁路509号,2022-04-20
上海市黄浦区徽宁路513号,2022-04-20
上海市黄浦区徽宁路527弄,2022-04-20
上海市黄浦区徽宁路6弄,2022-04-20
上海市黄浦区徽宁路716号,2022-04-20
上海市黄浦区会稽路38弄,2022-04-20
上海市黄浦区火腿弄21号,2022-04-20
上海市黄浦区建国东路17弄,2022-04-20
上海市黄浦区建国东路31弄,2022-04-20
上海市黄浦区建国西路110弄,2022-04-20
上海市黄浦区建国西路144号,2022-04-20
上海市黄浦区建国西路174号,2022-04-20
上海市黄浦区建国西路56弄,2022-04-20
上海市黄浦区建国西路91弄,2022-04-20
上海市黄浦区建国中路95号,2022-04-20
上海市黄浦区江西中路114号,2022-04-20
上海市黄浦区江西中路120号,2022-04-20
上海市黄浦区江西中路130号,2022-04-20
上海市黄浦区江西中路135弄,2022-04-20
上海市黄浦区江西中路314号,2022-04-20
上海市黄浦区江西中路391号,2022-04-20
上海市黄浦区江西中路412弄,2022-04-20
上海市黄浦区江西中路452号,2022-04-20
上海市黄浦区江西中路460弄,2022-04-20
上海市黄浦区江西中路473号,2022-04-20
上海市黄浦区江西中路481号,2022-04-20
上海市黄浦区江阴街21号,2022-04-20
上海市黄浦区江阴街259号,2022-04-20
上海市黄浦区江阴街355弄,2022-04-20
上海市黄浦区江阴街406号,2022-04-20
上海市黄浦区江阴街472号,2022-04-20
上海市黄浦区江阴路126号,2022-04-20
上海市黄浦区江阴路130弄,2022-04-20
上海市黄浦区江阴路134号,2022-04-20
上海市黄浦区江阴路88弄,2022-04-20
上海市黄浦区金陵东路59号,2022-04-20
上海市黄浦区金陵东路67号,2022-04-20
上海市黄浦区金陵东路89号,2022-04-20
上海市黄浦区金陵西路50号,2022-04-20
上海市黄浦区金陵西路60号,2022-04-20
上海市黄浦区金坛路21号,2022-04-20
上海市黄浦区金坛路35弄,2022-04-20
上海市黄浦区金坛路5号,2022-04-20
上海市黄浦区进贤路122弄,2022-04-20
上海市黄浦区进贤路156弄,2022-04-20
上海市黄浦区静修路10弄,2022-04-20
上海市黄浦区静修路114弄,2022-04-20
上海市黄浦区静修路126弄,2022-04-20
上海市黄浦区静修路35弄,2022-04-20
上海市黄浦区静修路36弄,2022-04-20
上海市黄浦区静修路37弄,2022-04-20
上海市黄浦区静修路49号,2022-04-20
上海市黄浦区静修路50弄,2022-04-20
上海市黄浦区静修路64弄,2022-04-20
上海市黄浦区静修路66号,2022-04-20
上海市黄浦区静修路69号,2022-04-20
上海市黄浦区静修路76号,2022-04-20
上海市黄浦区静修路79弄,2022-04-20
上海市黄浦区静修路80号,2022-04-20
上海市黄浦区静修路95号,2022-04-20
上海市黄浦区九江路202号,2022-04-20
上海市黄浦区九江路210号,2022-04-20
上海市黄浦区九江路619号,2022-04-20
上海市黄浦区局门后路77弄,2022-04-20
上海市黄浦区局门后路7号,2022-04-20
上海市黄浦区局门后路9号,2022-04-20
上海市黄浦区局门路1弄,2022-04-20
上海市黄浦区局门路241弄,2022-04-20
上海市黄浦区局门路295弄,2022-04-20
上海市黄浦区局门路434弄,2022-04-20
上海市黄浦区局门路436号,2022-04-20
上海市黄浦区局门路541号,2022-04-20
上海市黄浦区局门路573弄,2022-04-20
上海市黄浦区局门路57号,2022-04-20
上海市黄浦区局门路699号,2022-04-20
上海市黄浦区巨鹿路244弄,2022-04-20
上海市黄浦区巨鹿路260弄,2022-04-20
上海市黄浦区巨鹿路299号,2022-04-20
上海市黄浦区巨鹿路393弄,2022-04-20
上海市黄浦区聚奎新村,2022-04-20
上海市黄浦区老道前街16弄,2022-04-20
上海市黄浦区老道前街28号,2022-04-20
上海市黄浦区老道前街30弄,2022-04-20
上海市黄浦区老道前街62号,2022-04-20
上海市黄浦区老道前街68弄,2022-04-20
上海市黄浦区老道前街70弄,2022-04-20
上海市黄浦区丽园路1016弄,2022-04-20
上海市黄浦区丽园路148号,2022-04-20
上海市黄浦区丽园路333弄,2022-04-20
上海市黄浦区丽园路43弄,2022-04-20
上海市黄浦区丽园路488弄,2022-04-20
上海市黄浦区丽园路574弄,2022-04-20
上海市黄浦区丽园路59号,2022-04-20
上海市黄浦区丽园路63号,2022-04-20
上海市黄浦区丽园路666号,2022-04-20
上海市黄浦区丽园路68弄,2022-04-20
上海市黄浦区丽园路69号,2022-04-20
上海市黄浦区丽园路73号,2022-04-20
上海市黄浦区丽园路800号,2022-04-20
上海市黄浦区丽园路842弄,2022-04-20
上海市黄浦区丽园路8号,2022-04-20
上海市黄浦区灵济街65号,2022-04-20
上海市黄浦区柳江街15弄,2022-04-20
上海市黄浦区柳江街24弄,2022-04-20
上海市黄浦区柳江街5号,2022-04-20
上海市黄浦区柳江街8弄,2022-04-20
上海市黄浦区龙华东路102号,2022-04-20
上海市黄浦区龙华东路39号,2022-04-20
上海市黄浦区龙华东路888弄,2022-04-20
上海市黄浦区鲁班路168弄,2022-04-20
上海市黄浦区鲁班路388弄,2022-04-20
上海市黄浦区鲁班路776弄,2022-04-20
上海市黄浦区鲁班路778弄,2022-04-20
上海市黄浦区陆家浜路1018弄,2022-04-20
上海市黄浦区陆家浜路1034弄,2022-04-20
上海市黄浦区陆家浜路1060弄,2022-04-20
上海市黄浦区陆家浜路1382弄,2022-04-20
上海市黄浦区陆家浜路305弄,2022-04-20
上海市黄浦区陆家浜路388号,2022-04-20
上海市黄浦区陆家浜路468弄,2022-04-20
上海市黄浦区陆家浜路471号,2022-04-20
上海市黄浦区马当路272号,2022-04-20
上海市黄浦区马当路278弄,2022-04-20
上海市黄浦区马当路306弄,2022-04-20
上海市黄浦区马当路336弄,2022-04-20
上海市黄浦区马当路357弄,2022-04-20
上海市黄浦区茂名南路134号,2022-04-20
上海市黄浦区茂名南路143号,2022-04-20
上海市黄浦区茂名南路169弄,2022-04-20
上海市黄浦区梅家街1号,2022-04-20
上海市黄浦区蒙自路218号,2022-04-20
上海市黄浦区蒙自路255号,2022-04-20
上海市黄浦区蒙自路345弄,2022-04-20
上海市黄浦区蒙自路395弄,2022-04-20
上海市黄浦区蒙自路490弄,2022-04-20
上海市黄浦区蒙自路501弄,2022-04-20
上海市黄浦区蒙自路601弄,2022-04-20
上海市黄浦区蒙自路778弄,2022-04-20
上海市黄浦区蒙自西路12号,2022-04-20
上海市黄浦区蒙自西路72弄,2022-04-20
上海市黄浦区梦花街11号,2022-04-20
上海市黄浦区梦花街121号,2022-04-20
上海市黄浦区梦花街125号,2022-04-20
上海市黄浦区梦花街129号,2022-04-20
上海市黄浦区梦花街131号,2022-04-20
上海市黄浦区梦花街13弄,2022-04-20
上海市黄浦区梦花街163弄,2022-04-20
上海市黄浦区梦花街169号,2022-04-20
上海市黄浦区梦花街176号,2022-04-20
上海市黄浦区梦花街178号,2022-04-20
上海市黄浦区梦花街181号,2022-04-20
上海市黄浦区梦花街182弄,2022-04-20
上海市黄浦区梦花街191弄,2022-04-20
上海市黄浦区梦花街192号,2022-04-20
上海市黄浦区梦花街198弄,2022-04-20
上海市黄浦区梦花街204号,2022-04-20
上海市黄浦区梦花街219号,2022-04-20
上海市黄浦区梦花街33号,2022-04-20
上海市黄浦区梦花街3弄,2022-04-20
上海市黄浦区梦花街65号,2022-04-20
上海市黄浦区梦花街73弄,2022-04-20
上海市黄浦区梦花街79号,2022-04-20
上海市黄浦区梦花街93弄,2022-04-20
上海市黄浦区面筋弄11号,2022-04-20
上海市黄浦区面筋弄13号,2022-04-20
上海市黄浦区面筋弄23号,2022-04-20
上海市黄浦区面筋弄24号,2022-04-20
上海市黄浦区面筋弄35号,2022-04-20
上海市黄浦区面筋弄42号,2022-04-20
上海市黄浦区面筋弄60弄,2022-04-20
上海市黄浦区苗江路139号,2022-04-20
上海市黄浦区苗江路678号,2022-04-20
上海市黄浦区苗江路758号,2022-04-20
上海市黄浦区南昌路127弄,2022-04-20
上海市黄浦区南昌路145号,2022-04-20
上海市黄浦区南昌路260号,2022-04-20
上海市黄浦区南昌路278弄,2022-04-20
上海市黄浦区南昌路280号,2022-04-20
上海市黄浦区南昌路284号,2022-04-20
上海市黄浦区南昌路318号,2022-04-20
上海市黄浦区南昌路86号,2022-04-20
上海市黄浦区南车站路192弄,2022-04-20
上海市黄浦区南车站路20弄,2022-04-20
上海市黄浦区南车站路30弄,2022-04-20
上海市黄浦区南车站路450弄,2022-04-20
上海市黄浦区南车站路553号,2022-04-20
上海市黄浦区南车站路67弄,2022-04-20
上海市黄浦区南车站路69弄,2022-04-20
上海市黄浦区南京东路98号,2022-04-20
上海市黄浦区南京西路479弄,2022-04-20
上海市黄浦区南京西路88号,2022-04-20
上海市黄浦区南苏州路877弄,2022-04-20
上海市黄浦区南苏州路933号,2022-04-20
上海市黄浦区宁安路107弄,2022-04-20
上海市黄浦区宁波路120弄,2022-04-20
上海市黄浦区宁波路214号,2022-04-20
上海市黄浦区宁波路219号,2022-04-20
上海市黄浦区宁波路266号,2022-04-20
上海市黄浦区宁波路284弄,2022-04-20
上海市黄浦区宁波路446弄,2022-04-20
上海市黄浦区宁波路50号,2022-04-20
上海市黄浦区宁波路561号,2022-04-20
上海市黄浦区宁波路566号,2022-04-20
上海市黄浦区宁波路567号,2022-04-20
上海市黄浦区宁波路63弄,2022-04-20
上海市黄浦区宁波路74弄,2022-04-20
上海市黄浦区宁海东路279弄,2022-04-20
上海市黄浦区凝和路160号,2022-04-20
上海市黄浦区牛庄路692号,2022-04-20
上海市黄浦区牛庄路725号,2022-04-20
上海市黄浦区牛庄路731弄,2022-04-20
上海市黄浦区牛庄路732号,2022-04-20
上海市黄浦区牛庄路745号,2022-04-20
上海市黄浦区牛庄路748号,2022-04-20
上海市黄浦区牌楼路23号,2022-04-20
上海市黄浦区牌楼路29号,2022-04-20
上海市黄浦区牌楼路41弄,2022-04-20
上海市黄浦区盆汤弄64弄,2022-04-20
上海市黄浦区蓬莱路199弄,2022-04-20
上海市黄浦区蓬莱路252弄,2022-04-20
上海市黄浦区蓬莱路257号,2022-04-20
上海市黄浦区蓬莱路285弄,2022-04-20
上海市黄浦区蓬莱路291号,2022-04-20
上海市黄浦区蓬莱路303弄,2022-04-20
上海市黄浦区蓬莱路311号,2022-04-20
上海市黄浦区蓬莱路336号,2022-04-20
上海市黄浦区蓬莱路362弄,2022-04-20
上海市黄浦区蓬莱路377号,2022-04-20
上海市黄浦区蓬莱路391弄,2022-04-20
上海市黄浦区蓬莱路396号,2022-04-20
上海市黄浦区蓬莱路401号,2022-04-20
上海市黄浦区蓬莱路405弄,2022-04-20
上海市黄浦区蓬莱路421弄,2022-04-20
上海市黄浦区蓬莱路7弄,2022-04-20
上海市黄浦区平望街12号,2022-04-20
上海市黄浦区平望街15弄,2022-04-20
上海市黄浦区平望街20号,2022-04-20
上海市黄浦区平望街26号,2022-04-20
上海市黄浦区平望街31号,2022-04-20
上海市黄浦区平望街36弄,2022-04-20
上海市黄浦区平望街8号,2022-04-20
上海市黄浦区普育东路101弄,2022-04-20
上海市黄浦区普育东路177号,2022-04-20
上海市黄浦区普育东路200弄,2022-04-20
上海市黄浦区普育东路71弄,2022-04-20
上海市黄浦区普育西支路77号,2022-04-20
上海市黄浦区普育西支路81号,2022-04-20
上海市黄浦区普育西支路93号,2022-04-20
上海市黄浦区乔家路21号,2022-04-20
上海市黄浦区青岛路11号,2022-04-20
上海市黄浦区青岛路17号,2022-04-20
上海市黄浦区青岛路19号,2022-04-20
上海市黄浦区青岛路21号,2022-04-20
上海市黄浦区青岛路23号,2022-04-20
上海市黄浦区青岛路27号,2022-04-20
上海市黄浦区青岛路31号,2022-04-20
上海市黄浦区青岛路33号,2022-04-20
上海市黄浦区青岛路41号,2022-04-20
上海市黄浦区青岛路43号,2022-04-20
上海市黄浦区青岛路49号,2022-04-20
上海市黄浦区青岛路51号,2022-04-20
上海市黄浦区青岛路66弄,2022-04-20
上海市黄浦区青岛路67号,2022-04-20
上海市黄浦区青岛路75号,2022-04-20
上海市黄浦区青岛路83号,2022-04-20
上海市黄浦区瞿溪路1003弄,2022-04-20
上海市黄浦区瞿溪路1060弄,2022-04-20
上海市黄浦区瞿溪路1072弄,2022-04-20
上海市黄浦区瞿溪路1111弄,2022-04-20
上海市黄浦区瞿溪路1145弄,2022-04-20
上海市黄浦区瞿溪路114号,2022-04-20
上海市黄浦区瞿溪路115号,2022-04-20
上海市黄浦区瞿溪路116号,2022-04-20
上海市黄浦区瞿溪路118号,2022-04-20
上海市黄浦区瞿溪路1200弄,2022-04-20
上海市黄浦区瞿溪路120弄,2022-04-20
上海市黄浦区瞿溪路121号,2022-04-20
上海市黄浦区瞿溪路122号,2022-04-20
上海市黄浦区瞿溪路123号,2022-04-20
上海市黄浦区瞿溪路1240弄,2022-04-20
上海市黄浦区瞿溪路124号,2022-04-20
上海市黄浦区瞿溪路1254弄,2022-04-20
上海市黄浦区瞿溪路125号,2022-04-20
上海市黄浦区瞿溪路126号,2022-04-20
上海市黄浦区瞿溪路129号,2022-04-20
上海市黄浦区瞿溪路131号,2022-04-20
上海市黄浦区瞿溪路301弄,2022-04-20
上海市黄浦区瞿溪路33号,2022-04-20
上海市黄浦区瞿溪路35号,2022-04-20
上海市黄浦区瞿溪路437号,2022-04-20
上海市黄浦区瞿溪路463弄,2022-04-20
上海市黄浦区瞿溪路501弄,2022-04-20
上海市黄浦区瞿溪路566号,2022-04-20
上海市黄浦区瞿溪路639号,2022-04-20
上海市黄浦区瞿溪路65号,2022-04-20
上海市黄浦区瞿溪路680弄,2022-04-20
上海市黄浦区瞿溪路800弄,2022-04-20
上海市黄浦区瞿溪路860号,2022-04-20
上海市黄浦区瞿溪路883弄,2022-04-20
上海市黄浦区瞿溪路937弄,2022-04-20
上海市黄浦区人民路777弄,2022-04-20
上海市黄浦区汝南街64号,2022-04-20
上海市黄浦区汝南街66号,2022-04-20
上海市黄浦区汝南街70弄,2022-04-20
上海市黄浦区汝南街72号,2022-04-20
上海市黄浦区瑞金二路121号,2022-04-20
上海市黄浦区瑞金二路132弄,2022-04-20
上海市黄浦区瑞金二路198弄,2022-04-20
上海市黄浦区瑞金二路200弄,2022-04-20
上海市黄浦区瑞金二路225弄,2022-04-20
上海市黄浦区瑞金二路24号,2022-04-20
上海市黄浦区瑞金二路318号,2022-04-20
上海市黄浦区瑞金二路354号,2022-04-20
上海市黄浦区瑞金二路410弄,2022-04-20
上海市黄浦区瑞金二路450号,2022-04-20
上海市黄浦区瑞金二路48弄,2022-04-20
上海市黄浦区瑞金二路52弄,2022-04-20
上海市黄浦区瑞金二路69弄,2022-04-20
上海市黄浦区瑞金二路81号,2022-04-20
上海市黄浦区瑞金南路1号,2022-04-20
上海市黄浦区瑞金南路333弄,2022-04-20
上海市黄浦区瑞金一路121弄,2022-04-20
上海市黄浦区瑞金一路157号,2022-04-20
上海市黄浦区桑园街38弄,2022-04-20
上海市黄浦区桑园街6弄,2022-04-20
上海市黄浦区桑园街8号,2022-04-20
上海市黄浦区山东北路18号,2022-04-20
上海市黄浦区山东北路83号,2022-04-20
上海市黄浦区山海关路112号,2022-04-20
上海市黄浦区山西南路239号,2022-04-20
上海市黄浦区山西南路31弄,2022-04-20
上海市黄浦区陕西南路179号,2022-04-20
上海市黄浦区陕西南路187弄,2022-04-20
上海市黄浦区陕西南路271弄,2022-04-20
上海市黄浦区陕西南路287弄,2022-04-20
上海市黄浦区陕西南路345号,2022-04-20
上海市黄浦区尚文路133弄,2022-04-20
上海市黄浦区尚文路135号,2022-04-20
上海市黄浦区尚文路149弄,2022-04-20
上海市黄浦区尚文路161号,2022-04-20
上海市黄浦区尚文路168号,2022-04-20
上海市黄浦区绍兴路18弄,2022-04-20
上海市黄浦区绍兴路33号,2022-04-20
上海市黄浦区绍兴路80号,2022-04-20
上海市黄浦区顺昌路507弄,2022-04-20
上海市黄浦区顺昌路511号,2022-04-20
上海市黄浦区顺昌路519号,2022-04-20
上海市黄浦区顺昌路523号,2022-04-20
上海市黄浦区顺昌路527号,2022-04-20
上海市黄浦区顺昌路529号,2022-04-20
上海市黄浦区顺昌路560号,2022-04-20
上海市黄浦区思南路113号,2022-04-20
上海市黄浦区思南路30号,2022-04-20
上海市黄浦区思南路44号,2022-04-20
上海市黄浦区思南路46号,2022-04-20
上海市黄浦区四川南路25弄,2022-04-20
上海市黄浦区四川中路126弄,2022-04-20
上海市黄浦区四川中路629号,2022-04-20
上海市黄浦区四川中路668号,2022-04-20
上海市黄浦区四牌楼路113号,2022-04-20
上海市黄浦区四牌楼路114号,2022-04-20
上海市黄浦区四牌楼路115号,2022-04-20
上海市黄浦区四牌楼路116号,2022-04-20
上海市黄浦区四牌楼路118号,2022-04-20
上海市黄浦区四牌楼路146号,2022-04-20
上海市黄浦区四牌楼路181号,2022-04-20
上海市黄浦区四牌楼路185号,2022-04-20
上海市黄浦区四牌楼路77弄,2022-04-20
上海市黄浦区泗泾路10号,2022-04-20
上海市黄浦区泗泾路15号,2022-04-20
上海市黄浦区泗泾路23号,2022-04-20
上海市黄浦区泗泾路36号,2022-04-20
上海市黄浦区泰康路316弄,2022-04-20
上海市黄浦区天津路110弄,2022-04-20
上海市黄浦区天津路179弄,2022-04-20
上海市黄浦区天津路195弄,2022-04-20
上海市黄浦区天津路357弄,2022-04-20
上海市黄浦区天津路426弄,2022-04-20
上海市黄浦区天津路478弄,2022-04-20
上海市黄浦区天津路480号,2022-04-20
上海市黄浦区天津路496号,2022-04-20
上海市黄浦区天柱山路17弄,2022-04-20
上海市黄浦区天柱山路88弄,2022-04-20
上海市黄浦区铁道路140号,2022-04-20
上海市黄浦区铁道路776弄,2022-04-20
上海市黄浦区威海路151号,2022-04-20
上海市黄浦区威海路155弄,2022-04-20
上海市黄浦区威海路190弄,2022-04-20
上海市黄浦区文庙路123号,2022-04-20
上海市黄浦区文庙路124号,2022-04-20
上海市黄浦区文庙路161号,2022-04-20
上海市黄浦区文庙路1号,2022-04-20
上海市黄浦区文庙路249号,2022-04-20
上海市黄浦区文庙路24号,2022-04-20
上海市黄浦区文庙路280号,2022-04-20
上海市黄浦区文庙路60弄,2022-04-20
上海市黄浦区吾园街133弄,2022-04-20
上海市黄浦区五里桥路210弄,2022-04-20
上海市黄浦区五里桥路219号,2022-04-20
上海市黄浦区五里桥路235弄,2022-04-20
上海市黄浦区五里桥路254号,2022-04-20
上海市黄浦区五里桥路258号,2022-04-20
上海市黄浦区五里桥路262号,2022-04-20
上海市黄浦区五里桥路269弄,2022-04-20
上海市黄浦区五里桥路28弄,2022-04-20
上海市黄浦区武胜路429弄,2022-04-20
上海市黄浦区武胜路507号,2022-04-20
上海市黄浦区西仓桥街102号,2022-04-20
上海市黄浦区西仓桥街107号,2022-04-20
上海市黄浦区西仓桥街112弄,2022-04-20
上海市黄浦区西仓桥街126弄,2022-04-20
上海市黄浦区西仓桥街130号,2022-04-20
上海市黄浦区西仓桥街132号,2022-04-20
上海市黄浦区西仓桥街149号,2022-04-20
上海市黄浦区西仓桥街155号,2022-04-20
上海市黄浦区西仓桥街161弄,2022-04-20
上海市黄浦区西仓桥街162弄,2022-04-20
上海市黄浦区西仓桥街84号,2022-04-20
上海市黄浦区西仓桥街93号,2022-04-20
上海市黄浦区西仓桥街99号,2022-04-20
上海市黄浦区西藏南路1090弄,2022-04-20
上海市黄浦区西藏南路1109号,2022-04-20
上海市黄浦区西藏南路1129弄,2022-04-20
上海市黄浦区西藏南路1177弄,2022-04-20
上海市黄浦区西藏南路1200弄,2022-04-20
上海市黄浦区西藏南路1207弄,2022-04-20
上海市黄浦区西藏南路1225号,2022-04-20
上海市黄浦区西藏南路123号,2022-04-20
上海市黄浦区西藏南路1277弄,2022-04-20
上海市黄浦区西藏南路1341弄,2022-04-20
上海市黄浦区西藏南路1351号,2022-04-20
上海市黄浦区西藏南路1374弄,2022-04-20
上海市黄浦区西藏南路1379号,2022-04-20
上海市黄浦区西藏南路1381号,2022-04-20
上海市黄浦区西藏南路1383弄,2022-04-20
上海市黄浦区西藏南路1407号,2022-04-20
上海市黄浦区西藏南路1421弄,2022-04-20
上海市黄浦区西藏南路1433弄,2022-04-20
上海市黄浦区西藏南路1501弄,2022-04-20
上海市黄浦区西藏南路1566弄,2022-04-20
上海市黄浦区西藏南路1639弄,2022-04-20
上海市黄浦区西藏南路1688号,2022-04-20
上海市黄浦区西藏南路1717弄,2022-04-20
上海市黄浦区西藏南路1739弄,2022-04-20
上海市黄浦区西藏南路381号,2022-04-20
上海市黄浦区西藏南路555弄,2022-04-20
上海市黄浦区西藏南路688弄,2022-04-20
上海市黄浦区西藏南路771号,2022-04-20
上海市黄浦区西藏南路897号,2022-04-20
上海市黄浦区西藏中路200号,2022-04-20
上海市黄浦区西藏中路725弄,2022-04-20
上海市黄浦区西凌家宅路111弄,2022-04-20
上海市黄浦区西凌家宅路121号,2022-04-20
上海市黄浦区西凌家宅路137弄,2022-04-20
上海市黄浦区西凌家宅路27弄,2022-04-20
上海市黄浦区西民立路30号,2022-04-20
上海市黄浦区西姚家弄25号,2022-04-20
上海市黄浦区西姚家弄29号,2022-04-20
上海市黄浦区西姚家弄31号,2022-04-20
上海市黄浦区西姚家弄33号,2022-04-20
上海市黄浦区西姚家弄55号,2022-04-20
上海市黄浦区西姚家弄57号,2022-04-20
上海市黄浦区先棉祠北弄35号,2022-04-20
上海市黄浦区先棉祠北弄44号,2022-04-20
上海市黄浦区先棉祠北弄45号,2022-04-20
上海市黄浦区先棉祠街105弄,2022-04-20
上海市黄浦区先棉祠街36号,2022-04-20
上海市黄浦区先棉祠街89号,2022-04-20
上海市黄浦区先棉祠街95号,2022-04-20
上海市黄浦区县左街14号,2022-04-20
上海市黄浦区县左街20弄,2022-04-20
上海市黄浦区县左街24弄,2022-04-20
上海市黄浦区县左街32号,2022-04-20
上海市黄浦区县左街6号,2022-04-20
上海市黄浦区小桃园街40弄,2022-04-20
上海市黄浦区小桃园街50弄,2022-04-20
上海市黄浦区斜土东路158弄,2022-04-20
上海市黄浦区斜土东路185号,2022-04-20
上海市黄浦区斜土东路197号,2022-04-20
上海市黄浦区斜土东路23弄,2022-04-20
上海市黄浦区斜土东路255号,2022-04-20
上海市黄浦区斜土东路265弄,2022-04-20
上海市黄浦区斜土东路333弄,2022-04-20
上海市黄浦区斜土东路350号,2022-04-20
上海市黄浦区斜土东路68弄,2022-04-20
上海市黄浦区斜土路112号,2022-04-20
上海市黄浦区斜土路118弄,2022-04-20
上海市黄浦区斜土路195弄,2022-04-20
上海市黄浦区斜土路251弄,2022-04-20
上海市黄浦区斜土路298弄,2022-04-20
上海市黄浦区斜土路2号,2022-04-20
上海市黄浦区斜土路330弄,2022-04-20
上海市黄浦区斜土路460弄,2022-04-20
上海市黄浦区斜土路550弄,2022-04-20
上海市黄浦区斜土路645号,2022-04-20
上海市黄浦区斜土路678弄,2022-04-20
上海市黄浦区斜土路734弄,2022-04-20
上海市黄浦区斜土路74号,2022-04-20
上海市黄浦区斜土路766弄,2022-04-20
上海市黄浦区斜土路80弄,2022-04-20
上海市黄浦区新昌路213号,2022-04-20
上海市黄浦区新昌路220号,2022-04-20
上海市黄浦区新昌路320号,2022-04-20
上海市黄浦区新昌路326号,2022-04-20
上海市黄浦区新昌路328弄,2022-04-20
上海市黄浦区新昌路336号,2022-04-20
上海市黄浦区新昌路344号,2022-04-20
上海市黄浦区新昌路352弄,2022-04-20
上海市黄浦区新昌路354号,2022-04-20
上海市黄浦区新昌路361弄,2022-04-20
上海市黄浦区新昌路366号,2022-04-20
上海市黄浦区新昌路477弄,2022-04-20
上海市黄浦区新昌路87弄,2022-04-20
上海市黄浦区兴安路141弄,2022-04-20
上海市黄浦区徐家汇路135弄,2022-04-20
上海市黄浦区徐家汇路1弄,2022-04-20
上海市黄浦区徐家汇路515弄,2022-04-20
上海市黄浦区徐家汇路528号,2022-04-20
上海市黄浦区徐家汇路536弄,2022-04-20
上海市黄浦区徐家汇路618号,2022-04-20
上海市黄浦区徐家汇路77弄,2022-04-20
上海市黄浦区薛家浜路236弄,2022-04-20
上海市黄浦区薛家浜路240号,2022-04-20
上海市黄浦区薛家浜路242弄,2022-04-20
上海市黄浦区学宫街19弄,2022-04-20
上海市黄浦区学宫街23弄,2022-04-20
上海市黄浦区学宫街33弄,2022-04-20
上海市黄浦区学宫街43弄,2022-04-20
上海市黄浦区学宫街53弄,2022-04-20
上海市黄浦区学宫街63弄,2022-04-20
上海市黄浦区学前街111弄,2022-04-20
上海市黄浦区学前街156号,2022-04-20
上海市黄浦区学西街19号,2022-04-20
上海市黄浦区学西街1号,2022-04-20
上海市黄浦区学西街25号,2022-04-20
上海市黄浦区学西街39弄,2022-04-20
上海市黄浦区学西街53号,2022-04-20
上海市黄浦区学西街9弄,2022-04-20
上海市黄浦区学院路121弄,2022-04-20
上海市黄浦区学院路125号,2022-04-20
上海市黄浦区学院路127号,2022-04-20
上海市黄浦区学院路131号,2022-04-20
上海市黄浦区学院路134弄,2022-04-20
上海市黄浦区学院路32弄,2022-04-20
上海市黄浦区学院路68号,2022-04-20
上海市黄浦区学院路74号,2022-04-20
上海市黄浦区巡道街15号,2022-04-20
上海市黄浦区巡道街37弄,2022-04-20
上海市黄浦区巡道街38号,2022-04-20
上海市黄浦区巡道街43弄,2022-04-20
上海市黄浦区巡道街51号,2022-04-20
上海市黄浦区巡道街53弄,2022-04-20
上海市黄浦区巡道街70号,2022-04-20
上海市黄浦区延安东路1256弄,2022-04-20
上海市黄浦区延安东路1292弄,2022-04-20
上海市黄浦区延安东路1310弄,2022-04-20
上海市黄浦区延安东路385号,2022-04-20
上海市黄浦区延安中路535弄,2022-04-20
上海市黄浦区盐城路29号,2022-04-20
上海市黄浦区也是园弄54弄,2022-04-20
上海市黄浦区仪凤弄105弄,2022-04-20
上海市黄浦区仪凤弄109弄,2022-04-20
上海市黄浦区仪凤弄45弄,2022-04-20
上海市黄浦区仪凤弄53弄,2022-04-20
上海市黄浦区仪凤弄61弄,2022-04-20
上海市黄浦区迎勋北路15弄,2022-04-20
上海市黄浦区迎勋路100弄,2022-04-20
上海市黄浦区迎勋路179号,2022-04-20
上海市黄浦区迎勋路69号,2022-04-20
上海市黄浦区永年路100号,2022-04-20
上海市黄浦区永年路102号,2022-04-20
上海市黄浦区永年路104号,2022-04-20
上海市黄浦区永年路110号,2022-04-20
上海市黄浦区永年路152号,2022-04-20
上海市黄浦区永年路44弄,2022-04-20
上海市黄浦区永年路92弄,2022-04-20
上海市黄浦区永年路96号,2022-04-20
上海市黄浦区永年路98号,2022-04-20
上海市黄浦区永宁街61号,2022-04-20
上海市黄浦区永寿路50号,2022-04-20
上海市黄浦区肇嘉浜路168弄,2022-04-20
上海市黄浦区肇嘉浜路18弄,2022-04-20
上海市黄浦区肇嘉浜路62弄,2022-04-20
上海市黄浦区肇周路358弄,2022-04-20
上海市黄浦区肇周路384弄,2022-04-20
上海市黄浦区肇周路391号,2022-04-20
上海市黄浦区肇周路417号,2022-04-20
上海市黄浦区浙江中路108弄,2022-04-20
上海市黄浦区浙江中路109弄,2022-04-20
上海市黄浦区浙江中路112号,2022-04-20
上海市黄浦区浙江中路118弄,2022-04-20
上海市黄浦区浙江中路128弄,2022-04-20
上海市黄浦区浙江中路130号,2022-04-20
上海市黄浦区浙江中路137弄,2022-04-20
上海市黄浦区浙江中路142号,2022-04-20
上海市黄浦区浙江中路145号,2022-04-20
上海市黄浦区浙江中路148号,2022-04-20
上海市黄浦区浙江中路159号,2022-04-20
上海市黄浦区浙江中路167弄,2022-04-20
上海市黄浦区浙江中路185号,2022-04-20
上海市黄浦区浙江中路188弄,2022-04-20
上海市黄浦区浙江中路419号,2022-04-20
上海市黄浦区浙江中路425号,2022-04-20
上海市黄浦区浙江中路431号,2022-04-20
上海市黄浦区浙江中路433号,2022-04-20
上海市黄浦区浙江中路447号,2022-04-20
上海市黄浦区制造局后街24号,2022-04-20
上海市黄浦区制造局后街26号,2022-04-20
上海市黄浦区制造局路287号,2022-04-20
上海市黄浦区制造局路361号,2022-04-20
上海市黄浦区制造局路363弄,2022-04-20
上海市黄浦区制造局路365弄,2022-04-20
上海市黄浦区制造局路370弄,2022-04-20
上海市黄浦区制造局路455弄,2022-04-20
上海市黄浦区制造局路507号,2022-04-20
上海市黄浦区制造局路521号,2022-04-20
上海市黄浦区制造局路529号,2022-04-20
上海市黄浦区制造局路567弄,2022-04-20
上海市黄浦区制造局路646弄,2022-04-20
上海市黄浦区制造局路699号,2022-04-20
上海市黄浦区制造局路705号,2022-04-20
上海市黄浦区制造局路721弄,2022-04-20
上海市黄浦区制造局路729号,2022-04-20
上海市黄浦区制造局路733号,2022-04-20
上海市黄浦区制造局路749弄,2022-04-20
上海市黄浦区制造局路781号,2022-04-20
上海市黄浦区制造局路833弄11号,2022-04-20
上海市黄浦区制造局路833弄26号,2022-04-20
上海市黄浦区制造局路833弄7号,2022-04-20
上海市黄浦区制造局路833弄8号,2022-04-20
上海市黄浦区制造局路859弄,2022-04-20
上海市黄浦区制造局路8弄,2022-04-20
上海市黄浦区中华路1133号,2022-04-20
上海市黄浦区中华路1141弄,2022-04-20
上海市黄浦区中华路1148弄,2022-04-20
上海市黄浦区中华路1215号,2022-04-20
上海市黄浦区中华路128弄,2022-04-20
上海市黄浦区中华路1299弄,2022-04-20
上海市黄浦区中华路1316弄,2022-04-20
上海市黄浦区中华路1318号,2022-04-20
上海市黄浦区中华路1349弄,2022-04-20
上海市黄浦区中华路211号,2022-04-20
上海市黄浦区中华路308号,2022-04-20
上海市黄浦区中华路343号,2022-04-20
上海市黄浦区中华路381号,2022-04-20
上海市黄浦区中华路429弄,2022-04-20
上海市黄浦区中华路518弄,2022-04-20
上海市黄浦区中华路805号,2022-04-20
上海市黄浦区中华路97号,2022-04-20
上海市黄浦区中华路989号,2022-04-20
上海市黄浦区中华路999号,2022-04-20
上海市黄浦区中华路99号,2022-04-20
上海市黄浦区中山南路1358弄,2022-04-20
上海市黄浦区中山南路1586弄,2022-04-20
上海市黄浦区中山南路1711弄,2022-04-20
上海市黄浦区中山南路1726弄,2022-04-20
上海市黄浦区中山南路1750号,2022-04-20
上海市黄浦区中山南路1837号,2022-04-20
上海市黄浦区中山南路1877号,2022-04-20
上海市黄浦区中山南路1887弄,2022-04-20
上海市黄浦区中山南路1891号,2022-04-20
上海市黄浦区中山南路1893号,2022-04-20
上海市黄浦区中山南路36号,2022-04-20
上海市黄浦区中山南路609号,2022-04-20
上海市黄浦区中山南一路1020弄,2022-04-20
上海市黄浦区中山南一路1050号,2022-04-20
上海市黄浦区中山南一路1065号,2022-04-20
上海市黄浦区中山南一路1079号,2022-04-20
上海市黄浦区中山南一路161弄,2022-04-20
上海市黄浦区中山南一路168号,2022-04-20
上海市黄浦区中山南一路198弄,2022-04-20
上海市黄浦区中山南一路204号,2022-04-20
上海市黄浦区中山南一路247弄,2022-04-20
上海市黄浦区中山南一路250号,2022-04-20
上海市黄浦区中山南一路252号,2022-04-20
上海市黄浦区中山南一路256弄,2022-04-20
上海市黄浦区中山南一路302号,2022-04-20
上海市黄浦区中山南一路428号,2022-04-20
上海市黄浦区中山南一路500弄,2022-04-20
上海市黄浦区昼锦路180弄,2022-04-20
上海市黄浦区昼锦路99号,2022-04-20
上海市黄浦区庄家街79弄,2022-04-20
上海市黄浦区庄家街90号,2022-04-20
上海市黄浦区庄家街92号,2022-04-20
上海市黄浦区庄家街98号,2022-04-20
上海市黄浦区自忠路359号,2022-04-20
上海市静安区安远路389弄,2022-04-20
上海市静安区安远路515弄,2022-04-20
上海市静安区宝昌路632弄,2022-04-20
上海市静安区宝山路268弄,2022-04-20
上海市静安区宝山路450弄,2022-04-20
上海市静安区宝山路499弄,2022-04-20
上海市静安区宝山路503号,2022-04-20
上海市静安区宝通路239弄,2022-04-20
上海市静安区宝通路306弄,2022-04-20
上海市静安区宝通路406弄,2022-04-20
上海市静安区宝通路416弄,2022-04-20
上海市静安区宝源路209弄,2022-04-20
上海市静安区保德路241弄,2022-04-20
上海市静安区保德路448弄,2022-04-20
上海市静安区北宝兴路10弄,2022-04-20
上海市静安区长安路270号,2022-04-20
上海市静安区长安路280号,2022-04-20
上海市静安区长安路550弄,2022-04-20
上海市静安区长临路200弄,2022-04-20
上海市静安区长临路380弄,2022-04-20
上海市静安区长临路61弄,2022-04-20
上海市静安区长宁路209弄,2022-04-20
上海市静安区昌化路345号,2022-04-20
上海市静安区昌化路421弄,2022-04-20
上海市静安区昌化路430弄,2022-04-20
上海市静安区昌化路435弄,2022-04-20
上海市静安区昌化路453弄,2022-04-20
上海市静安区昌化路509弄,2022-04-20
上海市静安区昌平路418弄,2022-04-20
上海市静安区昌平路421弄,2022-04-20
上海市静安区昌平路868号,2022-04-20
上海市静安区昌平路88弄,2022-04-20
上海市静安区昌平路999弄,2022-04-20
上海市静安区常德路545弄,2022-04-20
上海市静安区常德路587弄,2022-04-20
上海市静安区常德路633弄,2022-04-20
上海市静安区常德路655号,2022-04-20
上海市静安区常熟路100弄,2022-04-20
上海市静安区常熟路108弄,2022-04-20
上海市静安区常熟路113弄,2022-04-20
上海市静安区场中路2251弄,2022-04-20
上海市静安区场中路2600弄,2022-04-20
上海市静安区场中路2601弄,2022-04-20
上海市静安区场中路2800弄,2022-04-20
上海市静安区场中路3123弄,2022-04-20
上海市静安区成都北路527弄,2022-04-20
上海市静安区大沽路398号,2022-04-20
上海市静安区大沽路489弄,2022-04-20
上海市静安区大沽路541号,2022-04-20
上海市静安区大沽路547号,2022-04-20
上海市静安区大宁路181弄,2022-04-20
上海市静安区大宁路535弄,2022-04-20
上海市静安区大宁路637弄,2022-04-20
上海市静安区大宁路667弄,2022-04-20
上海市静安区大统路200号,2022-04-20
上海市静安区大统路230号,2022-04-20
上海市静安区东宝兴路458弄,2022-04-20
上海市静安区东宝兴路670号,2022-04-20
上海市静安区东宝兴路998号,2022-04-20
上海市静安区汾西路260弄,2022-04-20
上海市静安区汾西路261弄,2022-04-20
上海市静安区汾西路635弄,2022-04-20
上海市静安区汾西路701号,2022-04-20
上海市静安区汾西路88弄,2022-04-20
上海市静安区凤阳路529号,2022-04-20
上海市静安区富民路148弄,2022-04-20
上海市静安区富民路172弄,2022-04-20
上海市静安区高平路539号,2022-04-20
上海市静安区高平路774弄,2022-04-20
上海市静安区高平路860弄,2022-04-20
上海市静安区公兴路45弄,2022-04-20
上海市静安区公兴路88号,2022-04-20
上海市静安区共和新路111弄,2022-04-20
上海市静安区共和新路1165号,2022-04-20
上海市静安区共和新路1207号,2022-04-20
上海市静安区共和新路1535号,2022-04-20
上海市静安区共和新路1725弄,2022-04-20
上海市静安区共和新路2301弄,2022-04-20
上海市静安区共和新路2488号,2022-04-20
上海市静安区共和新路555弄,2022-04-20
上海市静安区共和新路651弄,2022-04-20
上海市静安区共和新路710弄,2022-04-20
上海市静安区共和新路730弄,2022-04-20
上海市静安区共和新路802弄,2022-04-20
上海市静安区共和新路938号,2022-04-20
上海市静安区共和新路970弄,2022-04-20
上海市静安区光复路921弄,2022-04-20
上海市静安区广中西路99弄,2022-04-20
上海市静安区海防路100弄,2022-04-20
上海市静安区海防路117弄,2022-04-20
上海市静安区海防路410弄,2022-04-20
上海市静安区海宁路1388弄,2022-04-20
上海市静安区海宁路1399号,2022-04-20
上海市静安区恒丰北路100号,2022-04-20
上海市静安区恒丰北路108弄,2022-04-20
上海市静安区恒丰路318弄,2022-04-20
上海市静安区恒丰路500号,2022-04-20
上海市静安区恒丰路607号,2022-04-20
上海市静安区鸿兴路186号,2022-04-20
上海市静安区沪太路1051弄,2022-04-20
上海市静安区沪太路1170弄,2022-04-20
上海市静安区沪太路1182号,2022-04-20
上海市静安区沪太路118弄,2022-04-20
上海市静安区沪太路365号,2022-04-20
上海市静安区沪太路555弄,2022-04-20
上海市静安区沪太路631弄,2022-04-20
上海市静安区沪太路651弄,2022-04-20
上海市静安区沪太路903弄,2022-04-20
上海市静安区沪太路909弄,2022-04-20
上海市静安区沪太路935弄,2022-04-20
上海市静安区沪太路941弄,2022-04-20
上海市静安区华山路748号,2022-04-20
上海市静安区华盛路213号,2022-04-20
上海市静安区淮安路687弄,2022-04-20
上海市静安区淮安路693号,2022-04-20
上海市静安区淮安路801号,2022-04-20
上海市静安区江宁路936弄,2022-04-20
上海市静安区江杨南路466弄,2022-04-20
上海市静安区胶州路149弄,2022-04-20
上海市静安区胶州路274弄,2022-04-20
上海市静安区胶州路433号,2022-04-20
上海市静安区胶州路58号,2022-04-20
上海市静安区胶州路649号,2022-04-20
上海市静安区胶州路707弄,2022-04-20
上海市静安区晋元路228弄,2022-04-20
上海市静安区晋元路310弄,2022-04-20
上海市静安区晋元路314号,2022-04-20
上海市静安区晋元路88弄,2022-04-20
上海市静安区景凤路280弄,2022-04-20
上海市静安区康定东路53弄,2022-04-20
上海市静安区康定路1299弄,2022-04-20
上海市静安区康定路367弄,2022-04-20
上海市静安区康定路445弄,2022-04-20
上海市静安区康定路460弄,2022-04-20
上海市静安区康定路733弄,2022-04-20
上海市静安区康定路818弄,2022-04-20
上海市静安区康定路855号,2022-04-20
上海市静安区康定路863弄,2022-04-20
上海市静安区康定路888弄,2022-04-20
上海市静安区康定路950弄,2022-04-20
上海市静安区康乐路256弄,2022-04-20
上海市静安区老沪太路1291弄,2022-04-20
上海市静安区老沪太路207号,2022-04-20
上海市静安区老沪太路228号,2022-04-20
上海市静安区临汾路135弄,2022-04-20
上海市静安区临汾路300弄,2022-04-20
上海市静安区临汾路80弄,2022-04-20
上海市静安区临汾路971弄,2022-04-20
上海市静安区临汾路99弄,2022-04-20
上海市静安区临山路206弄,2022-04-20
上海市静安区灵石路1123弄,2022-04-20
上海市静安区灵石路1197号,2022-04-20
上海市静安区灵石路739弄,2022-04-20
上海市静安区灵石路963弄,2022-04-20
上海市静安区岭南路270弄,2022-04-20
上海市静安区柳营路1025弄,2022-04-20
上海市静安区柳营路103号,2022-04-20
上海市静安区柳营路309弄,2022-04-20
上海市静安区柳营路319弄,2022-04-20
上海市静安区柳营路390弄,2022-04-20
上海市静安区柳营路669弄,2022-04-20
上海市静安区洛川东路161号,2022-04-20
上海市静安区洛川东路400弄,2022-04-20
上海市静安区洛川中路1100弄,2022-04-20
上海市静安区洛川中路901弄,2022-04-20
上海市静安区洛川中路952弄,2022-04-20
上海市静安区毛家弄26号,2022-04-20
上海市静安区茂名北路105号,2022-04-20
上海市静安区茂名北路111弄,2022-04-20
上海市静安区茂名北路121弄,2022-04-20
上海市静安区民德路36弄,2022-04-20
上海市静安区民德路58号,2022-04-20
上海市静安区民立路289弄,2022-04-20
上海市静安区秣陵路100号,2022-04-20
上海市静安区南京西路1081弄,2022-04-20
上海市静安区南山路151弄,2022-04-20
上海市静安区彭浦新村308号,2022-04-20
上海市静安区彭浦新村321号,2022-04-20
上海市静安区彭浦新村423号,2022-04-20
上海市静安区平陆路397弄,2022-04-20
上海市静安区平顺路128号,2022-04-20
上海市静安区平顺路180弄,2022-04-20
上海市静安区平顺路825弄,2022-04-20
上海市静安区平顺路834弄,2022-04-20
上海市静安区平顺路875弄,2022-04-20
上海市静安区平顺路980弄,2022-04-20
上海市静安区平型关路1083弄,2022-04-20
上海市静安区平型关路2199弄,2022-04-20
上海市静安区平型关路235弄,2022-04-20
上海市静安区平型关路245弄,2022-04-20
上海市静安区平型关路250弄,2022-04-20
上海市静安区平型关路255弄,2022-04-20
上海市静安区平型关路265弄,2022-04-20
上海市静安区平型关路377弄,2022-04-20
上海市静安区平型关路615弄,2022-04-20
上海市静安区平型关路680弄,2022-04-20
上海市静安区普善路1029弄,2022-04-20
上海市静安区普善路376号,2022-04-20
上海市静安区普善路390弄,2022-04-20
上海市静安区青云路350弄,2022-04-20
上海市静安区青云路373号,2022-04-20
上海市静安区青云路435弄,2022-04-20
上海市静安区青云路604号,2022-04-20
上海市静安区青云路608号,2022-04-20
上海市静安区虬江路1110号,2022-04-20
上海市静安区虬江路1150弄,2022-04-20
上海市静安区虬江路1368弄,2022-04-20
上海市静安区虬江路1431弄,2022-04-20
上海市静安区虬江路1455弄,2022-04-20
上海市静安区虬江路1488弄,2022-04-20
上海市静安区虬江路909弄,2022-04-20
上海市静安区曲阜路66弄,2022-04-20
上海市静安区曲沃路430弄,2022-04-20
上海市静安区曲沃路470弄,2022-04-20
上海市静安区三泉路1015弄,2022-04-20
上海市静安区三泉路770弄,2022-04-20
上海市静安区三泉路821弄,2022-04-20
上海市静安区三泉路900弄,2022-04-20
上海市静安区山西北路222弄,2022-04-20
上海市静安区陕西北路173号,2022-04-20
上海市静安区陕西北路414号,2022-04-20
上海市静安区陕西北路430号,2022-04-20
上海市静安区陕西北路470弄,2022-04-20
上海市静安区陕西北路607弄,2022-04-20
上海市静安区陕西北路721弄,2022-04-20
上海市静安区陕西北路804弄,2022-04-20
上海市静安区升平街41弄,2022-04-20
上海市静安区泰州路407号,2022-04-20
上海市静安区谈家桥路163弄,2022-04-20
上海市静安区天目西路111号,2022-04-20
上海市静安区天目西路128号,2022-04-20
上海市静安区天目西路218号,2022-04-20
上海市静安区天目西路547号,2022-04-20
上海市静安区天目西路55号,2022-04-20
上海市静安区天目中路428号,2022-04-20
上海市静安区天目中路520号,2022-04-20
上海市静安区天目中路538弄,2022-04-20
上海市静安区天目中路749弄,2022-04-20
上海市静安区天潼路768号,2022-04-20
上海市静安区通阁路190弄,2022-04-20
上海市静安区通阁路200弄,2022-04-20
上海市静安区铜仁路90弄,2022-04-20
上海市静安区万航渡路249弄,2022-04-20
上海市静安区万航渡路269弄,2022-04-20
上海市静安区万航渡路284弄,2022-04-20
上海市静安区万航渡路320弄,2022-04-20
上海市静安区万航渡路616号,2022-04-20
上海市静安区万航渡路623弄,2022-04-20
上海市静安区万航渡路661弄,2022-04-20
上海市静安区万航渡路858弄,2022-04-20
上海市静安区万荣路1199弄,2022-04-20
上海市静安区万荣路166弄,2022-04-20
上海市静安区万荣路22弄,2022-04-20
上海市静安区王家宅路16号,2022-04-20
上海市静安区王家宅路20号,2022-04-20
上海市静安区王家宅路34弄,2022-04-20
上海市静安区王家宅路78号,2022-04-20
上海市静安区闻喜路1000弄,2022-04-20
上海市静安区闻喜路365号,2022-04-20
上海市静安区闻喜路367弄,2022-04-20
上海市静安区闻喜路930弄,2022-04-20
上海市静安区武定路1128弄,2022-04-20
上海市静安区武定西路1398弄,2022-04-20
上海市静安区武定西路1474弄,2022-04-20
上海市静安区武宁南路88弄,2022-04-20
上海市静安区西藏北路1308弄,2022-04-20
上海市静安区西藏北路161号,2022-04-20
上海市静安区西藏北路878号,2022-04-20
上海市静安区西藏北路884号,2022-04-20
上海市静安区西藏北路970弄,2022-04-20
上海市静安区西藏北路985弄,2022-04-20
上海市静安区西康路181弄,2022-04-20
上海市静安区西康路520号,2022-04-20
上海市静安区西康路894弄,2022-04-20
上海市静安区西康路902弄,2022-04-20
上海市静安区西康路910弄,2022-04-20
上海市静安区西康路918号,2022-04-20
上海市静安区新丰路361号,2022-04-20
上海市静安区新丰路364号,2022-04-20
上海市静安区新丰路366号,2022-04-20
上海市静安区新疆路500号,2022-04-20
上海市静安区新闸路1674弄,2022-04-20
上海市静安区新闸路1940弄,2022-04-20
上海市静安区新闸路1990弄,2022-04-20
上海市静安区新闸路888弄,2022-04-20
上海市静安区延安中路470弄,2022-04-20
上海市静安区延安中路540弄,2022-04-20
上海市静安区延安中路632弄,2022-04-20
上海市静安区延平路123弄,2022-04-20
上海市静安区延平路223弄,2022-04-20
上海市静安区延平路461弄,2022-04-20
上海市静安区延平路481弄,2022-04-20
上海市静安区延平路81号,2022-04-20
上海市静安区延平路85号,2022-04-20
上海市静安区延长路152弄,2022-04-20
上海市静安区延长中路628弄,2022-04-20
上海市静安区延长中路727弄,2022-04-20
上海市静安区延长中路800弄,2022-04-20
上海市静安区阳城路101弄,2022-04-20
上海市静安区阳城路280弄,2022-04-20
上海市静安区阳城路283弄,2022-04-20
上海市静安区阳曲路181弄,2022-04-20
上海市静安区阳曲路555弄,2022-04-20
上海市静安区阳曲路570弄,2022-04-20
上海市静安区阳曲路650弄,2022-04-20
上海市静安区宜川路778弄,2022-04-20
上海市静安区永和路1080弄,2022-04-20
上海市静安区永和路580弄,2022-04-20
上海市静安区永和路592号,2022-04-20
上海市静安区永和路593号,2022-04-20
上海市静安区永和路598号,2022-04-20
上海市静安区永兴路310号,2022-04-20
上海市静安区永兴路37弄,2022-04-20
上海市静安区永兴路636号,2022-04-20
上海市静安区永兴路669号,2022-04-20
上海市静安区永兴路888弄,2022-04-20
上海市静安区永兴路973弄,2022-04-20
上海市静安区永兴小马路65号,2022-04-20
上海市静安区余姚路298弄,2022-04-20
上海市静安区余姚路321弄,2022-04-20
上海市静安区余姚路327号,2022-04-20
上海市静安区余姚路487弄,2022-04-20
上海市静安区余姚路583号,2022-04-20
上海市静安区俞泾港路6号,2022-04-20
上海市静安区俞泾港路99弄,2022-04-20
上海市静安区愚园路339号,2022-04-20
上海市静安区愚园路361弄,2022-04-20
上海市静安区愚园路483弄,2022-04-20
上海市静安区愚园路608弄,2022-04-20
上海市静安区愚园路611弄,2022-04-20
上海市静安区育婴堂路38弄,2022-04-20
上海市静安区原平路183弄,2022-04-20
上海市静安区原平路689弄,2022-04-20
上海市静安区原平路917弄,2022-04-20
上海市静安区粤秀路318弄,2022-04-20
上海市静安区止园路400弄,2022-04-20
上海市静安区芷江西路220弄,2022-04-20
上海市静安区芷江西路228号,2022-04-20
上海市静安区芷江西路285弄,2022-04-20
上海市静安区芷江西路667号,2022-04-20
上海市静安区芷江中路191弄,2022-04-20
上海市静安区芷江中路258弄,2022-04-20
上海市静安区芷江中路493弄,2022-04-20
上海市静安区芷江中路495弄,2022-04-20
上海市静安区芷江中路531弄,2022-04-20
上海市静安区芷江中路660弄,2022-04-20
上海市静安区芷江中路668号,2022-04-20
上海市静安区中华新路288弄,2022-04-20
上海市静安区中华新路469号,2022-04-20
上海市静安区中华新路730弄,2022-04-20
上海市静安区中华新路893弄,2022-04-20
上海市静安区中华新路939弄,2022-04-20
上海市静安区中山北路1009号,2022-04-20
上海市静安区中山北路1011号,2022-04-20
上海市静安区中山北路178号,2022-04-20
上海市静安区中山北路188弄,2022-04-20
上海市静安区中山北路255弄,2022-04-20
上海市静安区中山北路280弄,2022-04-20
上海市静安区中山北路805弄,2022-04-20
上海市静安区中山北路814弄,2022-04-20
上海市静安区中山北路831弄,2022-04-20
上海市静安区中山北路899弄,2022-04-20
上海市静安区中兴路1385弄,2022-04-20
上海市静安区中兴路214弄,2022-04-20
上海市静安区中兴路241弄,2022-04-20
上海市静安区中兴路401弄,2022-04-20
上海市静安区中兴路461弄,2022-04-20
上海市静安区中兴路700号,2022-04-20
上海市徐汇区安福路53弄,2022-04-20
上海市徐汇区百花街345弄,2022-04-20
上海市徐汇区百色路133弄,2022-04-20
上海市徐汇区宾南路36弄,2022-04-20
上海市徐汇区宾阳路62弄,2022-04-20
上海市徐汇区漕宝路250号,2022-04-20
上海市徐汇区漕东路36号,2022-04-20
上海市徐汇区漕东支路111弄,2022-04-20
上海市徐汇区漕东支路218弄,2022-04-20
上海市徐汇区漕溪北路737弄,2022-04-20
上海市徐汇区漕溪二村,2022-04-20
上海市徐汇区漕溪路190号,2022-04-20
上海市徐汇区漕溪路251弄,2022-04-20
上海市徐汇区漕溪三村,2022-04-20
上海市徐汇区漕溪四村,2022-04-20
上海市徐汇区漕溪新村,2022-04-20
上海市徐汇区漕溪一村,2022-04-20
上海市徐汇区茶陵路195弄,2022-04-20
上海市徐汇区茶陵路345弄,2022-04-20
上海市徐汇区茶陵路75弄,2022-04-20
上海市徐汇区长乐路1127号,2022-04-20
上海市徐汇区长桥二村,2022-04-20
上海市徐汇区长桥三村,2022-04-20
上海市徐汇区长桥四村,2022-04-20
上海市徐汇区长桥新村,2022-04-20
上海市徐汇区长桥一村,2022-04-20
上海市徐汇区大木桥路237弄,2022-04-20
上海市徐汇区大木桥路41弄,2022-04-20
上海市徐汇区大木桥路450弄,2022-04-20
上海市徐汇区东安二村,2022-04-20
上海市徐汇区东安路180弄,2022-04-20
上海市徐汇区东安路230弄,2022-04-20
上海市徐汇区东安路240弄,2022-04-20
上海市徐汇区东安路255号,2022-04-20
上海市徐汇区东安路338弄,2022-04-20
上海市徐汇区东安路364弄,2022-04-20
上海市徐汇区东安路452号,2022-04-20
上海市徐汇区东安路50弄,2022-04-20
上海市徐汇区东安四村,2022-04-20
上海市徐汇区东安一村,2022-04-20
上海市徐汇区东兰路121弄,2022-04-20
上海市徐汇区东泉路105弄,2022-04-20
上海市徐汇区东泉路188弄,2022-04-20
上海市徐汇区番禺路1160弄,2022-04-20
上海市徐汇区番禺路801弄,2022-04-20
上海市徐汇区汾阳路83号,2022-04-20
上海市徐汇区丰谷路185弄,2022-04-20
上海市徐汇区丰谷路205弄,2022-04-20
上海市徐汇区丰谷路220弄,2022-04-20
上海市徐汇区丰谷路285弄,2022-04-20
上海市徐汇区枫林路180号,2022-04-20
上海市徐汇区枫林路269弄,2022-04-20
上海市徐汇区枫林路331号,2022-04-20
上海市徐汇区复兴中路1195号,2022-04-20
上海市徐汇区复兴中路1199号,2022-04-20
上海市徐汇区复兴中路1218弄,2022-04-20
上海市徐汇区复兴中路1232弄,2022-04-20
上海市徐汇区复兴中路1295弄,2022-04-20
上海市徐汇区复兴中路1325号,2022-04-20
上海市徐汇区古井路180号,2022-04-20
上海市徐汇区古井路38弄,2022-04-20
上海市徐汇区古宜路180弄,2022-04-20
上海市徐汇区冠生园路235弄,2022-04-20
上海市徐汇区桂江路77弄,2022-04-20
上海市徐汇区桂林东街28弄,2022-04-20
上海市徐汇区桂林东街99弄,2022-04-20
上海市徐汇区桂林路303弄,2022-04-20
上海市徐汇区桂林路70弄,2022-04-20
上海市徐汇区桂林西街111弄,2022-04-20
上海市徐汇区桂林西街14弄,2022-04-20
上海市徐汇区桂林西街15弄,2022-04-20
上海市徐汇区桂林西街47弄,2022-04-20
上海市徐汇区桂林西街9弄,2022-04-20
上海市徐汇区桂平路123弄,2022-04-20
上海市徐汇区桂平路257弄,2022-04-20
上海市徐汇区桂平路260弄,2022-04-20
上海市徐汇区桂平路285号,2022-04-20
上海市徐汇区桂平路296弄,2022-04-20
上海市徐汇区桂平路297号,2022-04-20
上海市徐汇区桂平路88弄,2022-04-20
上海市徐汇区桂平支路20弄,2022-04-20
上海市徐汇区桂平支路35弄,2022-04-20
上海市徐汇区虹漕路19弄,2022-04-20
上海市徐汇区虹漕南路158弄,2022-04-20
上海市徐汇区虹漕南路300弄,2022-04-20
上海市徐汇区虹漕南路699弄,2022-04-20
上海市徐汇区虹漕南路718弄,2022-04-20
上海市徐汇区虹漕南路99弄,2022-04-20
上海市徐汇区虹梅南路126弄,2022-04-20
上海市徐汇区虹梅南路698弄,2022-04-20
上海市徐汇区虹桥路128号,2022-04-20
上海市徐汇区虹桥路168号,2022-04-20
上海市徐汇区虹桥路400弄,2022-04-20
上海市徐汇区虹桥路411弄,2022-04-20
上海市徐汇区虹桥路591弄,2022-04-20
上海市徐汇区虹桥路市民村,2022-04-20
上海市徐汇区沪闵路9168号,2022-04-20
上海市徐汇区沪闵路9555弄,2022-04-20
上海市徐汇区华发路100弄,2022-04-20
上海市徐汇区华发路180弄,2022-04-20
上海市徐汇区华发路333弄,2022-04-20
上海市徐汇区华发路368弄,2022-04-20
上海市徐汇区华发路406弄,2022-04-20
上海市徐汇区华发路90弄,2022-04-20
上海市徐汇区华济路2弄,2022-04-20
上海市徐汇区华泾路880弄,2022-04-20
上海市徐汇区华泾路999弄,2022-04-20
上海市徐汇区华容路111弄,2022-04-20
上海市徐汇区华展路55弄,2022-04-20
上海市徐汇区淮海中路1797号,2022-04-20
上海市徐汇区淮海中路1850号,2022-04-20
上海市徐汇区淮海中路1857弄,2022-04-20
上海市徐汇区汇成五村,2022-04-20
上海市徐汇区汇成一村,2022-04-20
上海市徐汇区机场新村,2022-04-20
上海市徐汇区嘉善路101弄,2022-04-20
上海市徐汇区嘉善路117弄,2022-04-20
上海市徐汇区嘉善路137弄,2022-04-20
上海市徐汇区嘉善路140弄,2022-04-20
上海市徐汇区嘉善路169弄,2022-04-20
上海市徐汇区嘉善路210号,2022-04-20
上海市徐汇区嘉善路232弄,2022-04-20
上海市徐汇区嘉善路236弄,2022-04-20
上海市徐汇区嘉善路57号,2022-04-20
上海市徐汇区嘉善路61号,2022-04-20
上海市徐汇区嘉善路65号,2022-04-20
上海市徐汇区嘉善路69弄,2022-04-20
上海市徐汇区建国西路211弄,2022-04-20
上海市徐汇区建国西路268弄,2022-04-20
上海市徐汇区建国西路297号,2022-04-20
上海市徐汇区建国西路305号,2022-04-20
上海市徐汇区建国西路307号,2022-04-20
上海市徐汇区建国西路358弄,2022-04-20
上海市徐汇区江安路18号,2022-04-20
上海市徐汇区江安路58弄,2022-04-20
上海市徐汇区江南二村,2022-04-20
上海市徐汇区江南新村,2022-04-20
上海市徐汇区凯滨路19弄,2022-04-20
上海市徐汇区凯旋路2280弄,2022-04-20
上海市徐汇区凯旋一村,2022-04-20
上海市徐汇区康健路100弄,2022-04-20
上海市徐汇区康健路120弄,2022-04-20
上海市徐汇区康平路152弄,2022-04-20
上海市徐汇区科苑新村,2022-04-20
上海市徐汇区老沪闵路1039弄,2022-04-20
上海市徐汇区老沪闵路150弄,2022-04-20
上海市徐汇区老沪闵路706弄,2022-04-20
上海市徐汇区老沪闵路790弄,2022-04-20
上海市徐汇区乐山二村,2022-04-20
上海市徐汇区乐山路25弄,2022-04-20
上海市徐汇区乐山路30弄,2022-04-20
上海市徐汇区乐山支路21弄,2022-04-20
上海市徐汇区乐山支路8弄,2022-04-20
上海市徐汇区凌云新村,2022-04-20
上海市徐汇区零陵北路7弄,2022-04-20
上海市徐汇区零陵北路9弄,2022-04-20
上海市徐汇区零陵路190弄,2022-04-20
上海市徐汇区零陵路250弄,2022-04-20
上海市徐汇区零陵路29弄,2022-04-20
上海市徐汇区零陵路350弄,2022-04-20
上海市徐汇区零陵路520号,2022-04-20
上海市徐汇区零陵路585号,2022-04-20
上海市徐汇区零陵路631号,2022-04-20
上海市徐汇区零陵路651号,2022-04-20
上海市徐汇区零陵路655号,2022-04-20
上海市徐汇区零陵路659号,2022-04-20
上海市徐汇区零陵路675号,2022-04-20
上海市徐汇区零陵路677弄,2022-04-20
上海市徐汇区零陵路691号,2022-04-20
上海市徐汇区零陵路751弄,2022-04-20
上海市徐汇区零陵路777弄,2022-04-20
上海市徐汇区零陵路791弄,2022-04-20
上海市徐汇区柳州路585弄,2022-04-20
上海市徐汇区柳州路600弄,2022-04-20
上海市徐汇区龙漕路160弄,2022-04-20
上海市徐汇区龙漕路1弄,2022-04-20
上海市徐汇区龙漕路200弄,2022-04-20
上海市徐汇区龙漕路66弄,2022-04-20
上海市徐汇区龙川北路800弄,2022-04-20
上海市徐汇区龙恒路280弄,2022-04-20
上海市徐汇区龙华路1833号,2022-04-20
上海市徐汇区龙华路2373弄,2022-04-20
上海市徐汇区龙华路2381弄,2022-04-20
上海市徐汇区龙华路2518弄,2022-04-20
上海市徐汇区龙华西路123号,2022-04-20
上海市徐汇区龙华西路21弄,2022-04-20
上海市徐汇区龙华西路315弄,2022-04-20
上海市徐汇区龙华西路31弄,2022-04-20
上海市徐汇区龙华西路334弄,2022-04-20
上海市徐汇区龙华西路398弄,2022-04-20
上海市徐汇区龙华西路591弄,2022-04-20
上海市徐汇区龙华西路81弄,2022-04-20
上海市徐汇区龙华新村,2022-04-20
上海市徐汇区龙南六村,2022-04-20
上海市徐汇区龙南七村,2022-04-20
上海市徐汇区龙南三村,2022-04-20
上海市徐汇区龙南四村,2022-04-20
上海市徐汇区龙南五村,2022-04-20
上海市徐汇区龙瑞路128弄,2022-04-20
上海市徐汇区龙山新村,2022-04-20
上海市徐汇区龙水北路900弄,2022-04-20
上海市徐汇区龙水南路336弄,2022-04-20
上海市徐汇区龙水南路358弄,2022-04-20
上海市徐汇区龙吴路1137弄,2022-04-20
上海市徐汇区龙吴路11弄,2022-04-20
上海市徐汇区龙吴路1323弄,2022-04-20
上海市徐汇区龙吴路1343弄,2022-04-20
上海市徐汇区龙吴路13弄,2022-04-20
上海市徐汇区龙吴路1727弄,2022-04-20
上海市徐汇区龙吴路2388弄,2022-04-20
上海市徐汇区龙吴路2588弄,2022-04-20
上海市徐汇区龙吴路2418弄,2022-04-20
上海市徐汇区龙吴路2525弄,2022-04-20
上海市徐汇区龙吴路2888弄,2022-04-20
上海市徐汇区龙吴路555弄,2022-04-20
上海市徐汇区龙吴路918号,2022-04-20
上海市徐汇区龙吟路452弄,2022-04-20
上海市徐汇区龙吟路501弄,2022-04-20
上海市徐汇区罗城路570弄,2022-04-20
上海市徐汇区罗城路799弄,2022-04-20
上海市徐汇区罗秀二村,2022-04-20
上海市徐汇区罗秀路1139号,2022-04-20
上海市徐汇区罗秀路955弄,2022-04-20
上海市徐汇区罗秀三村,2022-04-20
上海市徐汇区梅陇九村,2022-04-20
上海市徐汇区梅陇七村,2022-04-20
上海市徐汇区梅陇十村,2022-04-20
上海市徐汇区梅陇十一村,2022-04-20
上海市徐汇区梅陇四村,2022-04-20
上海市徐汇区梅陇五村,2022-04-20
上海市徐汇区南昌路555号,2022-04-20
上海市徐汇区南昌路585弄,2022-04-20
上海市徐汇区南丹东路100弄,2022-04-20
上海市徐汇区南丹东路300弄,2022-04-20
上海市徐汇区南丹路128弄,2022-04-20
上海市徐汇区南丹路150弄,2022-04-20
上海市徐汇区南丹路286弄,2022-04-20
上海市徐汇区南宁路501弄,2022-04-20
上海市徐汇区平江路170弄,2022-04-20
上海市徐汇区浦北路21弄,2022-04-20
上海市徐汇区浦北路948弄,2022-04-20
上海市徐汇区浦北路959弄,2022-04-20
上海市徐汇区浦北路999弄,2022-04-20
上海市徐汇区钦州北路158弄,2022-04-20
上海市徐汇区钦州路108弄,2022-04-20
上海市徐汇区钦州路111弄,2022-04-20
上海市徐汇区钦州路760号,2022-04-20
上海市徐汇区钦州路780号,2022-04-20
上海市徐汇区钦州路860号,2022-04-20
上海市徐汇区钦州路880号,2022-04-20
上海市徐汇区钦州路900号,2022-04-20
上海市徐汇区钦州路920号,2022-04-20
上海市徐汇区日晖二村,2022-04-20
上海市徐汇区日晖六村,2022-04-20
上海市徐汇区日晖七村,2022-04-20
上海市徐汇区日晖三村,2022-04-20
上海市徐汇区日晖五村,2022-04-20
上海市徐汇区日晖一村,2022-04-20
上海市徐汇区瑞金南路458弄,2022-04-20
上海市徐汇区三江路16号,2022-04-20
上海市徐汇区三江路301弄,2022-04-20
上海市徐汇区陕西南路582弄,2022-04-20
上海市徐汇区陕西南路888弄,2022-04-20
上海市徐汇区上中路289弄,2022-04-20
上海市徐汇区石龙路33弄,2022-04-20
上海市徐汇区石龙路411弄,2022-04-20
上海市徐汇区石龙路569号,2022-04-20
上海市徐汇区石龙路999弄,2022-04-20
上海市徐汇区宋园路128弄,2022-04-20
上海市徐汇区太原路165弄,2022-04-20
上海市徐汇区太原路289弄,2022-04-20
上海市徐汇区泰安路34号,2022-04-20
上海市徐汇区天平路130弄,2022-04-20
上海市徐汇区天平路208弄,2022-04-20
上海市徐汇区天钥桥路250弄,2022-04-20
上海市徐汇区天钥桥南路1199弄,2022-04-20
上海市徐汇区天钥新村,2022-04-20
上海市徐汇区田东路258弄,2022-04-20
上海市徐汇区田林东路414弄,2022-04-20
上海市徐汇区田林二村,2022-04-20
上海市徐汇区田林六村,2022-04-20
上海市徐汇区田林三村,2022-04-20
上海市徐汇区田林十村,2022-04-20
上海市徐汇区田林十二村,2022-04-20
上海市徐汇区田林十三村,2022-04-20
上海市徐汇区田林十一村,2022-04-20
上海市徐汇区宛南二村,2022-04-20
上海市徐汇区宛南六村,2022-04-20
上海市徐汇区宛南三村,2022-04-20
上海市徐汇区宛南四村,2022-04-20
上海市徐汇区宛南五村,2022-04-20
上海市徐汇区宛南一村,2022-04-20
上海市徐汇区宛平路42号,2022-04-20
上海市徐汇区宛平南路144弄,2022-04-20
上海市徐汇区宛平南路170弄,2022-04-20
上海市徐汇区宛平南路240弄,2022-04-20
上海市徐汇区宛平南路280号,2022-04-20
上海市徐汇区文定路211号,2022-04-20
上海市徐汇区乌鲁木齐中路160号,2022-04-20
上海市徐汇区乌鲁木齐中路168号,2022-04-20
上海市徐汇区五原路210弄,2022-04-20
上海市徐汇区武康路105号,2022-04-20
上海市徐汇区喜泰路247弄,2022-04-20
上海市徐汇区喜泰路255号,2022-04-20
上海市徐汇区喜泰支路15弄,2022-04-20
上海市徐汇区襄阳南路217弄,2022-04-20
上海市徐汇区襄阳南路237号,2022-04-20
上海市徐汇区襄阳南路267号,2022-04-20
上海市徐汇区襄阳南路270号,2022-04-20
上海市徐汇区襄阳南路306弄,2022-04-20
上海市徐汇区襄阳南路344号,2022-04-20
上海市徐汇区襄阳南路357弄,2022-04-20
上海市徐汇区襄阳南路388弄,2022-04-20
上海市徐汇区襄阳南路452弄,2022-04-20
上海市徐汇区襄阳南路510弄,2022-04-20
上海市徐汇区襄阳南路541弄,2022-04-20
上海市徐汇区小木桥路101弄,2022-04-20
上海市徐汇区小木桥路360弄,2022-04-20
上海市徐汇区小木桥路440弄,2022-04-20
上海市徐汇区小木桥路511弄,2022-04-20
上海市徐汇区小木桥路780号,2022-04-20
上海市徐汇区斜土路1077号,2022-04-20
上海市徐汇区斜土路1111弄,2022-04-20
上海市徐汇区斜土路1188号,2022-04-20
上海市徐汇区斜土路1221号,2022-04-20
上海市徐汇区斜土路1341弄,2022-04-20
上海市徐汇区斜土路1358弄,2022-04-20
上海市徐汇区斜土路1622弄,2022-04-20
上海市徐汇区斜土路2086号,2022-04-20
上海市徐汇区斜土路2183弄,2022-04-20
上海市徐汇区斜土路2200弄,2022-04-20
上海市徐汇区斜土路2365弄,2022-04-20
上海市徐汇区斜土路2590弄,2022-04-20
上海市徐汇区辛耕路100弄,2022-04-20
上海市徐汇区秀山路15弄,2022-04-20
上海市徐汇区炎虹路71弄,2022-04-20
上海市徐汇区宜山路408弄,2022-04-20
上海市徐汇区宜山路508号,2022-04-20
上海市徐汇区宜山路655弄,2022-04-20
上海市徐汇区宜山路701弄,2022-04-20
上海市徐汇区永福路86弄,2022-04-20
上海市徐汇区永嘉路250弄,2022-04-20
上海市徐汇区永嘉路291弄,2022-04-20
上海市徐汇区永嘉路321弄,2022-04-20
上海市徐汇区永嘉路353弄,2022-04-20
上海市徐汇区永嘉路356弄,2022-04-20
上海市徐汇区永嘉路385弄,2022-04-20
上海市徐汇区永康路141弄,2022-04-20
上海市徐汇区永康路142弄,2022-04-20
上海市徐汇区永康路201号,2022-04-20
上海市徐汇区永康路37弄,2022-04-20
上海市徐汇区永康路38弄,2022-04-20
上海市徐汇区永康路68号,2022-04-20
上海市徐汇区永康路73号,2022-04-20
上海市徐汇区永康路74号,2022-04-20
上海市徐汇区永康路83号,2022-04-20
上海市徐汇区余庆路3号,2022-04-20
上海市徐汇区裕德路92弄,2022-04-20
上海市徐汇区园南二村,2022-04-20
上海市徐汇区园南三村,2022-04-20
上海市徐汇区园南一村,2022-04-20
上海市徐汇区云锦路183弄,2022-04-20
上海市徐汇区云锦路185弄,2022-04-20
上海市徐汇区云锦路201弄,2022-04-20
上海市徐汇区云锦路50弄,2022-04-20
上海市徐汇区肇嘉浜路243弄,2022-04-20
上海市徐汇区肇嘉浜路269弄,2022-04-20
上海市徐汇区肇嘉浜路366号,2022-04-20
上海市徐汇区肇嘉浜路853弄,2022-04-20
上海市徐汇区正阳路46号,2022-04-20
上海市徐汇区正阳路48号,2022-04-20
上海市徐汇区正阳路50号,2022-04-20
上海市徐汇区中漕路111弄,2022-04-20
上海市徐汇区中漕路24号,2022-04-20
上海市徐汇区中漕路38弄,2022-04-20
上海市徐汇区中山南二路1007号,2022-04-20
上海市徐汇区中山南二路2031号,2022-04-20
上海市徐汇区中山南二路918弄,2022-04-20
上海市徐汇区中山南二路988弄,2022-04-20
上海市徐汇区中山西路1788弄,2022-04-20
上海市长宁区安化路315号,2022-04-20
上海市长宁区安化路321号,2022-04-20
上海市长宁区安顺路156号,2022-04-20
上海市长宁区安顺路158弄,2022-04-20
上海市长宁区安顺路240弄,2022-04-20
上海市长宁区安顺路285号,2022-04-20
上海市长宁区安顺路351弄,2022-04-20
上海市长宁区安顺路83号,2022-04-20
上海市长宁区安顺路89弄,2022-04-20
上海市长宁区安西路658弄,2022-04-20
上海市长宁区安西路671号,2022-04-20
上海市长宁区北渔路115弄,2022-04-20
上海市长宁区北渔路116弄,2022-04-20
上海市长宁区北翟路980弄,2022-04-20
上海市长宁区长宁路1120弄,2022-04-20
上海市长宁区长宁路1277弄,2022-04-20
上海市长宁区长宁路1488弄,2022-04-20
上海市长宁区长宁路1557号,2022-04-20
上海市长宁区长宁路1598号,2022-04-20
上海市长宁区长宁路1600弄,2022-04-20
上海市长宁区长宁路378号,2022-04-20
上海市长宁区长宁路476弄,2022-04-20
上海市长宁区长宁路491弄,2022-04-20
上海市长宁区长宁路666弄,2022-04-20
上海市长宁区长宁路888弄,2022-04-20
上海市长宁区长宁支路133弄,2022-04-20
上海市长宁区长宁支路165弄,2022-04-20
上海市长宁区长宁支路318弄,2022-04-20
上海市长宁区长顺路36弄,2022-04-20
上海市长宁区定威路28弄,2022-04-20
上海市长宁区定西路1277号,2022-04-20
上海市长宁区定西路1310弄,2022-04-20
上海市长宁区定西路399弄,2022-04-20
上海市长宁区定西路419弄,2022-04-20
上海市长宁区定西路710弄,2022-04-20
上海市长宁区定西路720弄,2022-04-20
上海市长宁区定西路768弄,2022-04-20
上海市长宁区东诸安浜路231号,2022-04-20
上海市长宁区法华镇路101弄,2022-04-20
上海市长宁区法华镇路588弄,2022-04-20
上海市长宁区法华镇路751弄,2022-04-20
上海市长宁区法华镇路878弄,2022-04-20
上海市长宁区法华镇路881弄,2022-04-20
上海市长宁区福泉路120弄,2022-04-20
上海市长宁区古北路211弄,2022-04-20
上海市长宁区古北路363号,2022-04-20
上海市长宁区广虹路98号,2022-04-20
上海市长宁区哈密路500弄,2022-04-20
上海市长宁区哈密路758弄,2022-04-20
上海市长宁区虹桥机场新村,2022-04-20
上海市长宁区虹桥路2222弄,2022-04-20
上海市长宁区虹桥路953弄,2022-04-20
上海市长宁区虹桥路959弄,2022-04-20
上海市长宁区虹桥路996弄,2022-04-20
上海市长宁区华阳路165弄,2022-04-20
上海市长宁区华阳路298弄,2022-04-20
上海市长宁区淮阴路575弄,2022-04-20
上海市长宁区剑河路200号,2022-04-20
上海市长宁区剑河路230号,2022-04-20
上海市长宁区剑河路408弄,2022-04-20
上海市长宁区剑河路414弄,2022-04-20
上海市长宁区剑河路599弄,2022-04-20
上海市长宁区剑河路602弄,2022-04-20
上海市长宁区江苏北路111弄,2022-04-20
上海市长宁区江苏北路113号,2022-04-20
上海市长宁区江苏北路115号,2022-04-20
上海市长宁区江苏路186弄,2022-04-20
上海市长宁区江苏路256弄,2022-04-20
上海市长宁区江苏路285弄,2022-04-20
上海市长宁区江苏路499弄,2022-04-20
上海市长宁区江苏路78弄,2022-04-20
上海市长宁区金钟路255弄,2022-04-20
上海市长宁区金钟路333弄,2022-04-20
上海市长宁区金钟路340弄,2022-04-20
上海市长宁区金钟路68弄,2022-04-20
上海市长宁区锦屏路10弄,2022-04-20
上海市长宁区泾力西路900号,2022-04-20
上海市长宁区凯旋路1153号,2022-04-20
上海市长宁区凯旋路1335号,2022-04-20
上海市长宁区联建新村,2022-04-20
上海市长宁区娄山关路450弄,2022-04-20
上海市长宁区娄山关路764弄,2022-04-20
上海市长宁区娄山关路810弄,2022-04-20
上海市长宁区娄山关路815弄,2022-04-20
上海市长宁区娄山关路820弄,2022-04-20
上海市长宁区茅台路250弄,2022-04-20
上海市长宁区茅台路270弄,2022-04-20
上海市长宁区茅台路295弄,2022-04-20
上海市长宁区茅台路460弄,2022-04-20
上海市长宁区茅台路597弄,2022-04-20
上海市长宁区番禺路217号,2022-04-20
上海市长宁区番禺路222弄,2022-04-20
上海市长宁区番禺路293弄,2022-04-20
上海市长宁区番禺路385弄,2022-04-20
上海市长宁区番禺路55号,2022-04-20
上海市长宁区番禺路617弄,2022-04-20
上海市长宁区平塘路185弄,2022-04-20
上海市长宁区平塘路415弄,2022-04-20
上海市长宁区平塘路424弄,2022-04-20
上海市长宁区平武路150弄,2022-04-20
上海市长宁区清池路363号,2022-04-20
上海市长宁区泉口路185弄,2022-04-20
上海市长宁区荣华东道8弄,2022-04-20
上海市长宁区水城路386弄,2022-04-20
上海市长宁区水城路40弄,2022-04-20
上海市长宁区水城路47弄,2022-04-20
上海市长宁区水城南路16弄,2022-04-20
上海市长宁区淞虹路1005弄,2022-04-20
上海市长宁区淞虹路685弄,2022-04-20
上海市长宁区淞虹路800弄,2022-04-20
上海市长宁区淞虹路805弄,2022-04-20
上海市长宁区淞虹路905弄,2022-04-20
上海市长宁区天山二村,2022-04-20
上海市长宁区天山路202弄,2022-04-20
上海市长宁区天山路209弄,2022-04-20
上海市长宁区天山路665弄,2022-04-20
上海市长宁区天山路820弄,2022-04-20
上海市长宁区天山路840弄,2022-04-20
上海市长宁区天山路938弄,2022-04-20
上海市长宁区天山四村,2022-04-20
上海市长宁区天山五村,2022-04-20
上海市长宁区天山西路351弄,2022-04-20
上海市长宁区天山西路445弄,2022-04-20
上海市长宁区天山支路138弄,2022-04-20
上海市长宁区万航渡路1424弄,2022-04-20
上海市长宁区万航渡路2032弄,2022-04-20
上海市长宁区万航渡路2088弄,2022-04-20
上海市长宁区万航渡路2425号,2022-04-20
上海市长宁区万航渡路2505弄,2022-04-20
上海市长宁区威宁路511弄,2022-04-20
上海市长宁区武夷路418弄,2022-04-20
上海市长宁区武夷路439号,2022-04-20
上海市长宁区武夷路450弄,2022-04-20
上海市长宁区武夷路461弄,2022-04-20
上海市长宁区武夷路491弄,2022-04-20
上海市长宁区武夷路519弄,2022-04-20
上海市长宁区武夷路555弄,2022-04-20
上海市长宁区武夷路700弄,2022-04-20
上海市长宁区武夷路709弄,2022-04-20
上海市长宁区西陶浜路33弄,2022-04-20
上海市长宁区仙霞路1225弄,2022-04-20
上海市长宁区仙霞路1316弄,2022-04-20
上海市长宁区仙霞路15弄,2022-04-20
上海市长宁区仙霞路579弄,2022-04-20
上海市长宁区仙霞路620弄,2022-04-20
上海市长宁区仙霞路750弄,2022-04-20
上海市长宁区仙霞路780弄,2022-04-20
上海市长宁区仙霞西路635弄,2022-04-20
上海市长宁区仙霞西路885弄,2022-04-20
上海市长宁区协和路699弄,2022-04-20
上海市长宁区新华路329弄,2022-04-20
上海市长宁区新华路393弄,2022-04-20
上海市长宁区新华路666弄,2022-04-20
上海市长宁区新泾二村,2022-04-20
上海市长宁区新泾三村,2022-04-20
上海市长宁区新泾一村,2022-04-20
上海市长宁区新渔路300弄,2022-04-20
上海市长宁区幸福路421弄,2022-04-20
上海市长宁区宣化路300号,2022-04-20
上海市长宁区延安西路1020号,2022-04-20
上海市长宁区延安西路1030弄,2022-04-20
上海市长宁区延安西路1390弄,2022-04-20
上海市长宁区延安西路1453弄,2022-04-20
上海市长宁区延安西路1503弄,2022-04-20
上海市长宁区延安西路1521弄,2022-04-20
上海市长宁区延安西路1547弄,2022-04-20
上海市长宁区延安西路1764号,2022-04-20
上海市长宁区延安西路1768号,2022-04-20
上海市长宁区延安西路2055弄,2022-04-20
上海市长宁区延安西路649弄,2022-04-20
上海市长宁区延安西路688弄,2022-04-20
上海市长宁区延安西路983号,2022-04-20
上海市长宁区愚园路1032弄,2022-04-20
上海市长宁区愚园路1088弄,2022-04-20
上海市长宁区愚园路1223号,2022-04-20
上海市长宁区愚园路1240号,2022-04-20
上海市长宁区愚园路1333号,2022-04-20
上海市长宁区愚园路1355弄,2022-04-20
上海市长宁区愚园路888弄,2022-04-20
上海市长宁区玉屏南路110弄,2022-04-20
上海市长宁区玉屏南路340弄,2022-04-20
上海市长宁区玉屏南路345弄,2022-04-20
上海市长宁区玉屏南路375号,2022-04-20
上海市长宁区玉屏南路377号,2022-04-20
上海市长宁区玉屏南路379号,2022-04-20
上海市长宁区玉屏南路380弄,2022-04-20
上海市长宁区玉屏南路520弄,2022-04-20
上海市长宁区玉屏南路560弄,2022-04-20
上海市长宁区玉屏南路561弄,2022-04-20
上海市长宁区昭化东路82弄,2022-04-20
上海市长宁区昭化路518弄,2022-04-20
上海市长宁区昭化路555弄,2022-04-20
上海市长宁区昭化路55弄,2022-04-20
上海市长宁区镇宁路465弄,2022-04-20
上海市长宁区镇宁路545号,2022-04-20
上海市长宁区中华新村,2022-04-20
上海市长宁区中泾路18弄,2022-04-20
上海市长宁区中山西路1030弄,2022-04-20
上海市长宁区中山西路555号,2022-04-20
上海市长宁区中山西路945弄,2022-04-20
上海市长宁区紫云路67弄,2022-04-20
上海市长宁区遵义路435弄,2022-04-20
上海市长宁区遵义路700号,2022-04-20
上海市长宁区遵义路780弄,2022-04-20
上海市长宁区遵义路800弄,2022-04-20
上海市长宁区遵义路820号,2022-04-20
上海市普陀区安远路188弄,2022-04-20
上海市普陀区安远路662弄,2022-04-20
上海市普陀区澳门路660弄,2022-04-20
上海市普陀区白丽路701弄,2022-04-20
上海市普陀区白丽路99弄,2022-04-20
上海市普陀区北石路116号,2022-04-20
上海市普陀区北石路122号,2022-04-20
上海市普陀区北石路125号,2022-04-20
上海市普陀区曹杨二村,2022-04-20
上海市普陀区曹杨三村,2022-04-20
上海市普陀区曹杨五村,2022-04-20
上海市普陀区曹杨七村,2022-04-20
上海市普陀区曹杨八村,2022-04-20
上海市普陀区曹杨九村,2022-04-20
上海市普陀区曹杨路1040弄,2022-04-20
上海市普陀区常德路1273弄,2022-04-20
上海市普陀区常德路1298弄,2022-04-20
上海市普陀区常德路1344弄,2022-04-20
上海市普陀区常德路1375弄,2022-04-20
上海市普陀区长风四村,2022-04-20
上海市普陀区长寿路181弄,2022-04-20
上海市普陀区长寿路295弄,2022-04-20
上海市普陀区长寿路565号,2022-04-20
上海市普陀区丹巴路1500弄,2022-04-20
上海市普陀区府村路400号,2022-04-20
上海市普陀区甘泉三村,2022-04-20
上海市普陀区古浪路183弄,2022-04-20
上海市普陀区古浪路518弄,2022-04-20
上海市普陀区管弄路251弄,2022-04-20
上海市普陀区管弄路297号,2022-04-20
上海市普陀区光复西路1145弄,2022-04-20
上海市普陀区光复西路1973号,2022-04-20
上海市普陀区光复西路2163弄,2022-04-20
上海市普陀区光复西路2185弄,2022-04-20
上海市普陀区光复西路2269弄,2022-04-20
上海市普陀区光复西路683弄,2022-04-20
上海市普陀区光复西路南林家港,2022-04-20
上海市普陀区光新路191弄,2022-04-20
上海市普陀区黄陵路200弄,2022-04-20
上海市普陀区江宁路1415弄,2022-04-20
上海市普陀区交通路1461弄,2022-04-20
上海市普陀区胶州路960弄,2022-04-20
上海市普陀区金沙江路2208弄,2022-04-20
上海市普陀区金沙江路65弄,2022-04-20
上海市普陀区金汤路353弄,2022-04-20
上海市普陀区金汤路59弄,2022-04-20
上海市普陀区靖边路199弄,2022-04-20
上海市普陀区凯旋北路1495号,2022-04-20
上海市普陀区凯旋北路1555弄,2022-04-20
上海市普陀区兰溪路164号,2022-04-20
上海市普陀区兰溪路21弄,2022-04-20
上海市普陀区兰溪路90弄,2022-04-20
上海市普陀区岚皋路433弄,2022-04-20
上海市普陀区骊山路34弄,2022-04-20
上海市普陀区连亮路111弄,2022-04-20
上海市普陀区绿杨路51弄,2022-04-20
上海市普陀区梅川路888弄,2022-04-20
上海市普陀区梅岭北路93号,2022-04-20
上海市普陀区梅岭南路320弄,2022-04-20
上海市普陀区梅六小区,2022-04-20
上海市普陀区宁夏路353弄,2022-04-20
上海市普陀区农林路101弄,2022-04-20
上海市普陀区怒江北路239弄,2022-04-20
上海市普陀区普陀四村,2022-04-20
上海市普陀区普雄路29弄,2022-04-20
上海市普陀区祁安路368弄,2022-04-20
上海市普陀区三源路66弄,2022-04-20
上海市普陀区石岚二村,2022-04-20
上海市普陀区石岚三村,2022-04-20
上海市普陀区石泉路450弄,2022-04-20
上海市普陀区石泉路49弄,2022-04-20
上海市普陀区双山路101弄,2022-04-20
上海市普陀区双山路131弄,2022-04-20
上海市普陀区泰山一村,2022-04-20
上海市普陀区泰山二村,2022-04-20
上海市普陀区泰山三村,2022-04-20
上海市普陀区桃浦路1341弄,2022-04-20
上海市普陀区桃浦路2055弄,2022-04-20
上海市普陀区桃浦路910号,2022-04-20
上海市普陀区铁路新村,2022-04-20
上海市普陀区铜川路346弄,2022-04-20
上海市普陀区铜川路50号,2022-04-20
上海市普陀区铜川路58弄,2022-04-20
上海市普陀区武宁一村,2022-04-20
上海市普陀区武宁二村,2022-04-20
上海市普陀区武宁四村,2022-04-20
上海市普陀区武宁路200弄,2022-04-20
上海市普陀区武威东路821弄,2022-04-20
上海市普陀区武威路1082弄,2022-04-20
上海市普陀区武威路1087弄,2022-04-20
上海市普陀区西康路1048号,2022-04-20
上海市普陀区西康路1249弄,2022-04-20
上海市普陀区西康路1407弄,2022-04-20
上海市普陀区西康路1518弄,2022-04-20
上海市普陀区西谈家渡路17弄,2022-04-20
上海市普陀区新村路170弄,2022-04-20
上海市普陀区新村路2003弄,2022-04-20
上海市普陀区新村路248弄,2022-04-20
上海市普陀区新村路285弄,2022-04-20
上海市普陀区新村路550号,2022-04-20
上海市普陀区旬阳新村,2022-04-20
上海市普陀区延长西路526弄,2022-04-20
上海市普陀区延长西路677弄,2022-04-20
上海市普陀区延长西路780弄,2022-04-20
上海市普陀区宜昌路715弄,2022-04-20
上海市普陀区宜川二村,2022-04-20
上海市普陀区宜川三村,2022-04-20
上海市普陀区宜川五村,2022-04-20
上海市普陀区宜君路80弄,2022-04-20
上海市普陀区真北路1029弄,2022-04-20
上海市普陀区真陈路399号,2022-04-20
上海市普陀区真光路962弄,2022-04-20
上海市普陀区真金路577弄,2022-04-20
上海市普陀区真南路3489弄,2022-04-20
上海市普陀区真南路710弄,2022-04-20
上海市普陀区真南路744弄,2022-04-20
上海市普陀区真南路822弄188支弄,2022-04-20
上海市普陀区真南路822弄521支弄,2022-04-20
上海市普陀区真如西村,2022-04-20
上海市普陀区镇坪路176弄,2022-04-20
上海市普陀区镇坪路177弄,2022-04-20
上海市普陀区志丹路170弄,2022-04-20
上海市普陀区志丹路262号,2022-04-20
上海市普陀区志丹路500弄,2022-04-20
上海市普陀区中山北路2655弄,2022-04-20
上海市普陀区中山北路3663号,2022-04-20
上海市普陀区中山北路3856弄,2022-04-20
上海市普陀区竹柳路50弄,2022-04-20
上海市虹口区安汾路780弄,2022-04-20
上海市虹口区安国路28弄,2022-04-20
上海市虹口区安国路76号,2022-04-20
上海市虹口区巴林路61弄,2022-04-20
上海市虹口区宝安路160弄,2022-04-20
上海市虹口区宝安支路79弄,2022-04-20
上海市虹口区宝安支路81号,2022-04-20
上海市虹口区宝山路621号,2022-04-20
上海市虹口区宝山路625号,2022-04-20
上海市虹口区宝山路888弄,2022-04-20
上海市虹口区保定路185号,2022-04-20
上海市虹口区保定路20弄,2022-04-20
上海市虹口区保定路420号,2022-04-20
上海市虹口区保定路520弄,2022-04-20
上海市虹口区北宝兴路46号,2022-04-20
上海市虹口区北苏州路232弄,2022-04-20
上海市虹口区北苏州路400号,2022-04-20
上海市虹口区长春路158号,2022-04-20
上海市虹口区长春路314号,2022-04-20
上海市虹口区长春路331号,2022-04-20
上海市虹口区长春路348号,2022-04-20
上海市虹口区长春路365号,2022-04-20
上海市虹口区长阳路8号,2022-04-20
上海市虹口区场中路32弄,2022-04-20
上海市虹口区场中路4弄,2022-04-20
上海市虹口区场中路531号,2022-04-20
上海市虹口区场中路590号,2022-04-20
上海市虹口区场中路685弄,2022-04-20
上海市虹口区场中路735号,2022-04-20
上海市虹口区场中路755弄,2022-04-20
上海市虹口区场中路769号,2022-04-20
上海市虹口区车站北路188弄,2022-04-20
上海市虹口区车站北路400弄,2022-04-20
上海市虹口区车站北路567弄,2022-04-20
上海市虹口区车站北路625弄,2022-04-20
上海市虹口区车站北路708号,2022-04-20
上海市虹口区车站北路732弄,2022-04-20
上海市虹口区车站南路407弄,2022-04-20
上海市虹口区池沟路300弄,2022-04-20
上海市虹口区赤峰路626弄,2022-04-20
上海市虹口区大连路1079号,2022-04-20
上海市虹口区大连路975弄,2022-04-20
上海市虹口区大连西路13号,2022-04-20
上海市虹口区大连西路145弄,2022-04-20
上海市虹口区大连西路165弄,2022-04-20
上海市虹口区大连西路195弄,2022-04-20
上海市虹口区大连西路201弄,2022-04-20
上海市虹口区大连西路261号,2022-04-20
上海市虹口区大连西路88号,2022-04-20
上海市虹口区大连西路90号,2022-04-20
上海市虹口区大连西路96号,2022-04-20
上海市虹口区丹徒路377号,2022-04-20
上海市虹口区东宝兴路2206号,2022-04-20
上海市虹口区东宝兴路254弄,2022-04-20
上海市虹口区东宝兴路258弄,2022-04-20
上海市虹口区东宝兴路447弄,2022-04-20
上海市虹口区东宝兴路623号,2022-04-20
上海市虹口区东宝兴路835弄,2022-04-20
上海市虹口区东大名路501号,2022-04-20
上海市虹口区东大名路999号,2022-04-20
上海市虹口区东汉阳路430号,2022-04-20
上海市虹口区东汉阳路490号,2022-04-20
上海市虹口区东江湾路580弄,2022-04-20
上海市虹口区东体育会路100弄,2022-04-20
上海市虹口区东体育会路119弄,2022-04-20
上海市虹口区东体育会路199弄,2022-04-20
上海市虹口区东体育会路401弄,2022-04-20
上海市虹口区东体育会路70弄,2022-04-20
上海市虹口区东体育会路87号,2022-04-20
上海市虹口区东体育会支路65弄,2022-04-20
上海市虹口区东余杭路1107弄,2022-04-20
上海市虹口区东余杭路1168号,2022-04-20
上海市虹口区东余杭路1188号,2022-04-20
上海市虹口区东余杭路185号,2022-04-20
上海市虹口区东余杭路211弄,2022-04-20
上海市虹口区东余杭路218号,2022-04-20
上海市虹口区东余杭路220号,2022-04-20
上海市虹口区东余杭路964号,2022-04-20
上海市虹口区东长治路919弄,2022-04-20
上海市虹口区峨嵋路366弄,2022-04-20
上海市虹口区飞虹路163号,2022-04-20
上海市虹口区飞虹路187弄,2022-04-20
上海市虹口区飞虹路237弄,2022-04-20
上海市虹口区飞虹支路83弄,2022-04-20
上海市虹口区丰镇路55弄,2022-04-20
上海市虹口区丰镇路788号,2022-04-20
上海市虹口区公安街153弄,2022-04-20
上海市虹口区沽源路111弄,2022-04-20
上海市虹口区沽源路116弄,2022-04-20
上海市虹口区广纪路52弄,2022-04-20
上海市虹口区广灵二路264弄,2022-04-20
上海市虹口区广灵二路354弄,2022-04-20
上海市虹口区广灵二路385弄,2022-04-20
上海市虹口区广灵四路572弄,2022-04-20
上海市虹口区广灵四路855弄,2022-04-20
上海市虹口区广灵四路866弄,2022-04-20
上海市虹口区广灵四路881弄,2022-04-20
上海市虹口区广灵一村,2022-04-20
上海市虹口区广粤路155号,2022-04-20
上海市虹口区广粤路1601弄,2022-04-20
上海市虹口区广粤路281号,2022-04-20
上海市虹口区广粤路47号,2022-04-20
上海市虹口区广粤路58号,2022-04-20
上海市虹口区广中二村,2022-04-20
上海市虹口区广中路168号,2022-04-20
上海市虹口区广中路400号,2022-04-20
上海市虹口区广中路525弄,2022-04-20
上海市虹口区广中路581弄,2022-04-20
上海市虹口区广中四村,2022-04-20
上海市虹口区广中一村,2022-04-20
上海市虹口区广中支路24弄,2022-04-20
上海市虹口区广中支路26号,2022-04-20
上海市虹口区海伦路350弄,2022-04-20
上海市虹口区海伦路71号,2022-04-20
上海市虹口区海伦路88弄,2022-04-20
上海市虹口区海宁路55号,2022-04-20
上海市虹口区邯郸路39号,2022-04-20
上海市虹口区恒业路118弄,2022-04-20
上海市虹口区恒业路129弄,2022-04-20
上海市虹口区恒业路313弄,2022-04-20
上海市虹口区恒业路388弄,2022-04-20
上海市虹口区横浜路123弄,2022-04-20
上海市虹口区横浜路35弄,2022-04-20
上海市虹口区虹关路323弄,2022-04-20
上海市虹口区虹湾路2196号,2022-04-20
上海市虹口区虹湾路288弄,2022-04-20
上海市虹口区虹湾路313弄,2022-04-20
上海市虹口区虹湾路55弄,2022-04-20
上海市虹口区虹湾路86弄,2022-04-20
上海市虹口区虹镇老街269号,2022-04-20
上海市虹口区花园路118弄,2022-04-20
上海市虹口区花园路168弄,2022-04-20
上海市虹口区花园路16号,2022-04-20
上海市虹口区华昌路68弄,2022-04-20
上海市虹口区华昌路9号,2022-04-20
上海市虹口区华严路68弄,2022-04-20
上海市虹口区华严路98弄,2022-04-20
上海市虹口区黄山路30弄,2022-04-20
上海市虹口区惠民路238号,2022-04-20
上海市虹口区霍山路219号,2022-04-20
上海市虹口区霍山路68号,2022-04-20
上海市虹口区霍山路86号,2022-04-20
上海市虹口区吉祥路84弄,2022-04-20
上海市虹口区纪念路494弄,2022-04-20
上海市虹口区建机新村,2022-04-20
上海市虹口区蒋家桥路6号,2022-04-20
上海市虹口区九龙路313号,2022-04-20
上海市虹口区九龙路515号,2022-04-20
上海市虹口区奎照路11弄,2022-04-20
上海市虹口区奎照路31号,2022-04-20
上海市虹口区奎照路411弄,2022-04-20
上海市虹口区奎照路45号,2022-04-20
上海市虹口区昆明路181号,2022-04-20
上海市虹口区昆明路80弄,2022-04-20
上海市虹口区昆山花园路10号,2022-04-20
上海市虹口区昆山路103弄,2022-04-20
上海市虹口区昆山路136弄,2022-04-20
上海市虹口区昆山路168号,2022-04-20
上海市虹口区昆山路170号,2022-04-20
上海市虹口区昆山路172弄,2022-04-20
上海市虹口区昆山路259号,2022-04-20
上海市虹口区溧阳路1221号,2022-04-20
上海市虹口区溧阳路1333弄,2022-04-20
上海市虹口区溧阳路637弄,2022-04-20
上海市虹口区凉城路1319号,2022-04-20
上海市虹口区凉城路450弄,2022-04-20
上海市虹口区凉城路465弄,2022-04-20
上海市虹口区凉城路539弄,2022-04-20
上海市虹口区凉城路585弄,2022-04-20
上海市虹口区凉城路847弄,2022-04-20
上海市虹口区凉城三村,2022-04-20
上海市虹口区临平路133弄,2022-04-20
上海市虹口区临平路256弄,2022-04-20
上海市虹口区临潼路191号,2022-04-20
上海市虹口区旅顺路199弄,2022-04-20
上海市虹口区欧阳路289弄,2022-04-20
上海市虹口区欧阳路328弄,2022-04-20
上海市虹口区欧阳路329号,2022-04-20
上海市虹口区欧阳路351弄,2022-04-20
上海市虹口区欧阳路378弄,2022-04-20
上海市虹口区欧阳路452弄,2022-04-20
上海市虹口区欧阳路568号,2022-04-20
上海市虹口区蟠龙街26号,2022-04-20
上海市虹口区青云路108弄,2022-04-20
上海市虹口区青云路167弄,2022-04-20
上海市虹口区曲阳路118弄,2022-04-20
上海市虹口区曲阳路385弄,2022-04-20
上海市虹口区曲阳路440号,2022-04-20
上海市虹口区曲阳路487弄,2022-04-20
上海市虹口区曲阳路851弄,2022-04-20
上海市虹口区曲阳路92号,2022-04-20
上海市虹口区仁德路410弄,2022-04-20
上海市虹口区瑞虹路12弄,2022-04-20
上海市虹口区瑞虹路233弄,2022-04-20
上海市虹口区瑞虹路25弄,2022-04-20
上海市虹口区瑞虹路438弄,2022-04-20
上海市虹口区三门路719弄,2022-04-20
上海市虹口区三门路743弄,2022-04-20
上海市虹口区沙泾路146号,2022-04-20
上海市虹口区沙泾路178号,2022-04-20
上海市虹口区山阴路216弄,2022-04-20
上海市虹口区山阴路351号,2022-04-20
上海市虹口区山阴路57弄,2022-04-20
上海市虹口区山阴路69弄,2022-04-20
上海市虹口区山阴路85弄,2022-04-20
上海市虹口区水电路1119弄,2022-04-20
上海市虹口区水电路1312弄,2022-04-20
上海市虹口区水电路1320弄,2022-04-20
上海市虹口区水电路1324弄,2022-04-20
上海市虹口区水电路1381弄,2022-04-20
上海市虹口区水电路1661弄,2022-04-20
上海市虹口区水电路191弄,2022-04-20
上海市虹口区水电路261弄,2022-04-20
上海市虹口区水电路300号,2022-04-20
上海市虹口区水电路609弄,2022-04-20
上海市虹口区四川北路1545弄,2022-04-20
上海市虹口区四川北路1569弄,2022-04-20
上海市虹口区四川北路1588号,2022-04-20
上海市虹口区四川北路1604弄,2022-04-20
上海市虹口区四川北路1856弄,2022-04-20
上海市虹口区四川北路1878号,2022-04-20
上海市虹口区四川北路1906弄,2022-04-20
上海市虹口区四川北路1914号,2022-04-20
上海市虹口区四川北路1932号,2022-04-20
上海市虹口区四川北路1941号,2022-04-20
上海市虹口区四川北路1953弄,2022-04-20
上海市虹口区四川北路1960号,2022-04-20
上海市虹口区四川北路1972号,2022-04-20
上海市虹口区四川北路1999弄,2022-04-20
上海市虹口区四川北路2023弄,2022-04-20
上海市虹口区四川北路75号,2022-04-20
上海市虹口区四达路25弄,2022-04-20
上海市虹口区四达路58弄,2022-04-20
上海市虹口区四达路99弄,2022-04-20
上海市虹口区四平路283号,2022-04-20
上海市虹口区四平路311弄,2022-04-20
上海市虹口区四平路417号,2022-04-20
上海市虹口区四平路52弄,2022-04-20
上海市虹口区四平路621弄,2022-04-20
上海市虹口区四平路720号,2022-04-20
上海市虹口区四平路721号,2022-04-20
上海市虹口区四平路827弄,2022-04-20
上海市虹口区太平桥支路8号,2022-04-20
上海市虹口区唐山路377号,2022-04-20
上海市虹口区唐山路708弄,2022-04-20
上海市虹口区唐山路778弄,2022-04-20
上海市虹口区塘沽路308弄,2022-04-20
上海市虹口区塘沽路346号,2022-04-20
上海市虹口区天宝路59弄,2022-04-20
上海市虹口区天宝路73号,2022-04-20
上海市虹口区天宝路881号,2022-04-20
上海市虹口区天宝西路241弄,2022-04-20
上海市虹口区天宝西路242弄,2022-04-20
上海市虹口区天宝西路248弄,2022-04-20
上海市虹口区天宝西路251弄,2022-04-20
上海市虹口区天宝西路256号,2022-04-20
上海市虹口区天宝西路4弄,2022-04-20
上海市虹口区天通庵路553弄,2022-04-20
上海市虹口区天通庵路594弄,2022-04-20
上海市虹口区同鸣路140弄,2022-04-20
上海市虹口区同心路116弄,2022-04-20
上海市虹口区同心路125弄,2022-04-20
上海市虹口区同心路159号,2022-04-20
上海市虹口区同心路1号,2022-04-20
上海市虹口区同心路209弄,2022-04-20
上海市虹口区同心路232弄,2022-04-20
上海市虹口区同心路799号,2022-04-20
上海市虹口区同心路801弄,2022-04-20
上海市虹口区同心路803弄,2022-04-20
上海市虹口区同心路975号,2022-04-20
上海市虹口区同心路990弄,2022-04-20
上海市虹口区文迁路38弄,2022-04-20
上海市虹口区文治路30弄,2022-04-20
上海市虹口区文治路3弄,2022-04-20
上海市虹口区汶水东路181弄,2022-04-20
上海市虹口区汶水东路510弄,2022-04-20
上海市虹口区汶水东路650弄,2022-04-20
上海市虹口区汶水东路717弄,2022-04-20
上海市虹口区吴家湾路136弄,2022-04-20
上海市虹口区吴家湾路1号,2022-04-20
上海市虹口区吴家湾路200弄,2022-04-20
上海市虹口区吴家湾路52弄,2022-04-20
上海市虹口区吴淞路355弄,2022-04-20
上海市虹口区吴淞路529号,2022-04-20
上海市虹口区梧州路101号,2022-04-20
上海市虹口区梧州路299弄,2022-04-20
上海市虹口区西宝兴路949弄,2022-04-20
上海市虹口区西江湾路105号,2022-04-20
上海市虹口区西江湾路122号,2022-04-20
上海市虹口区西江湾路189弄,2022-04-20
上海市虹口区西江湾路420号,2022-04-20
上海市虹口区西江湾路454弄,2022-04-20
上海市虹口区西江湾路5号,2022-04-20
上海市虹口区祥德路139弄,2022-04-20
上海市虹口区祥德路180弄,2022-04-20
上海市虹口区祥德路202号,2022-04-20
上海市虹口区祥德路25弄,2022-04-20
上海市虹口区祥德路264弄,2022-04-20
上海市虹口区祥德路274弄,2022-04-20
上海市虹口区祥德路381弄,2022-04-20
上海市虹口区祥德路95号,2022-04-20
上海市虹口区新港路69号,2022-04-20
上海市虹口区新嘉路1弄,2022-04-20
上海市虹口区新市北路1420弄,2022-04-20
上海市虹口区新市北路1491弄,2022-04-20
上海市虹口区新市北路1508弄,2022-04-20
上海市虹口区新市南路1100弄,2022-04-20
上海市虹口区新市南路1104弄,2022-04-20
上海市虹口区新市南路1145弄,2022-04-20
上海市虹口区新市南路1148弄,2022-04-20
上海市虹口区新市南路1153弄,2022-04-20
上海市虹口区新市南路1215弄,2022-04-20
上海市虹口区新市南路515弄,2022-04-20
上海市虹口区新市南路560弄,2022-04-20
上海市虹口区新市南路561弄,2022-04-20
上海市虹口区新市南路780弄,2022-04-20
上海市虹口区新市南路841弄,2022-04-20
上海市虹口区伊敏河路50弄,2022-04-20
上海市虹口区逸仙路1230弄,2022-04-20
上海市虹口区余杭路99号,2022-04-20
上海市虹口区榆林路47号,2022-04-20
上海市虹口区榆林路5号,2022-04-20
上海市虹口区岳州路292号,2022-04-20
上海市虹口区岳州路423弄,2022-04-20
上海市虹口区岳州路425弄,2022-04-20
上海市虹口区运光路60弄,2022-04-20
上海市虹口区运光路70弄,2022-04-20
上海市虹口区乍浦路307号,2022-04-20
上海市虹口区乍浦路344弄,2022-04-20
上海市虹口区乍浦路351号,2022-04-20
上海市虹口区中山北一路1100弄,2022-04-20
上海市虹口区中山北一路131弄,2022-04-20
上海市虹口区中山北一路140弄,2022-04-20
上海市虹口区中山北一路184号,2022-04-20
上海市虹口区中山北一路188号,2022-04-20
上海市虹口区中山北一路666号,2022-04-20
上海市虹口区中山北一路865弄,2022-04-20
上海市虹口区中兴路110弄,2022-04-20
上海市虹口区中州路66号,2022-04-20
上海市虹口区舟山路1号,2022-04-20
上海市虹口区舟山路484号,2022-04-20
上海市虹口区周家嘴路1063弄,2022-04-20
上海市虹口区周家嘴路338弄,2022-04-20
上海市虹口区周家嘴路734号,2022-04-20
上海市虹口区周家嘴路981弄,2022-04-20
上海市虹口区株洲路168弄,2022-04-20
上海市虹口区株洲路258弄,2022-04-20
上海市杨浦区爱国二村,2022-04-20
上海市杨浦区爱国路301弄,2022-04-20
上海市杨浦区安波路200弄,2022-04-20
上海市杨浦区安波路265弄,2022-04-20
上海市杨浦区安图路18弄,2022-04-20
上海市杨浦区安图路2弄,2022-04-20
上海市杨浦区安图新村,2022-04-20
上海市杨浦区鞍山八村,2022-04-20
上海市杨浦区鞍山六村,2022-04-20
上海市杨浦区鞍山路104号,2022-04-20
上海市杨浦区鞍山路160弄,2022-04-20
上海市杨浦区鞍山路220弄,2022-04-20
上海市杨浦区鞍山路310弄,2022-04-20
上海市杨浦区鞍山七村,2022-04-20
上海市杨浦区鞍山三村,2022-04-20
上海市杨浦区鞍山四村,2022-04-20
上海市杨浦区鞍山五村,2022-04-20
上海市杨浦区鞍山一村,2022-04-20
上海市杨浦区白洋淀新村,2022-04-20
上海市杨浦区包头路1150弄,2022-04-20
上海市杨浦区包头路902弄,2022-04-20
上海市杨浦区包头南路588弄,2022-04-20
上海市杨浦区包头南路629弄,2022-04-20
上海市杨浦区本溪路137号,2022-04-20
上海市杨浦区本溪路165弄,2022-04-20
上海市杨浦区本溪路168弄,2022-04-20
上海市杨浦区沧州路180弄,2022-04-20
上海市杨浦区赤峰路93号,2022-04-20
上海市杨浦区长白二村,2022-04-20
上海市杨浦区长白三村,2022-04-20
上海市杨浦区长浜路400弄,2022-04-20
上海市杨浦区长海二村,2022-04-20
上海市杨浦区长海路168号,2022-04-20
上海市杨浦区长海四村,2022-04-20
上海市杨浦区长海一村,2022-04-20
上海市杨浦区长岭路75弄,2022-04-20
上海市杨浦区长阳路1312号,2022-04-20
上海市杨浦区长阳路1389弄,2022-04-20
上海市杨浦区长阳路1400弄,2022-04-20
上海市杨浦区长阳路1839弄,2022-04-20
上海市杨浦区长阳路1865弄,2022-04-20
上海市杨浦区长阳路1900弄,2022-04-20
上海市杨浦区长阳路1969弄,2022-04-20
上海市杨浦区长阳路1980号,2022-04-20
上海市杨浦区长阳路2000号,2022-04-20
上海市杨浦区长阳路2087弄,2022-04-20
上海市杨浦区长阳路2121弄,2022-04-20
上海市杨浦区长阳路2669号,2022-04-20
上海市杨浦区长阳路555号,2022-04-20
上海市杨浦区长阳路890弄,2022-04-20
上海市杨浦区长阳路900号,2022-04-20
上海市杨浦区大连路1228号,2022-04-20
上海市杨浦区大连路1288弄,2022-04-20
上海市杨浦区大学路186弄,2022-04-20
上海市杨浦区大学路187弄,2022-04-20
上海市杨浦区定海路150号,2022-04-20
上海市杨浦区敦化路3弄,2022-04-20
上海市杨浦区敦化路4弄,2022-04-20
上海市杨浦区飞虹路1047弄,2022-04-20
上海市杨浦区飞虹路507号,2022-04-20
上海市杨浦区飞虹路723弄,2022-04-20
上海市杨浦区凤城二村,2022-04-20
上海市杨浦区凤城三村,2022-04-20
上海市杨浦区凤城五村,2022-04-20
上海市杨浦区凤城一村,2022-04-20
上海市杨浦区凤南一村,2022-04-20
上海市杨浦区抚顺路354号,2022-04-20
上海市杨浦区抚顺路363弄,2022-04-20
上海市杨浦区抚顺路370号,2022-04-20
上海市杨浦区抚顺路393弄,2022-04-20
上海市杨浦区阜新路169弄,2022-04-20
上海市杨浦区阜新路177号,2022-04-20
上海市杨浦区阜新路180弄,2022-04-20
上海市杨浦区阜新路181号,2022-04-20
上海市杨浦区阜新路182弄,2022-04-20
上海市杨浦区阜新路184弄,2022-04-20
上海市杨浦区阜新路187号,2022-04-20
上海市杨浦区港水路58号,2022-04-20
上海市杨浦区共青路119弄,2022-04-20
上海市杨浦区共青路130号,2022-04-20
上海市杨浦区共青路357弄,2022-04-20
上海市杨浦区共青路74号,2022-04-20
上海市杨浦区广远新村,2022-04-20
上海市杨浦区贵阳路30弄,2022-04-20
上海市杨浦区国达路25号,2022-04-20
上海市杨浦区国定路277弄,2022-04-20
上海市杨浦区国定路288弄,2022-04-20
上海市杨浦区国定路320弄,2022-04-20
上海市杨浦区国定路346号,2022-04-20
上海市杨浦区国定路600弄,2022-04-20
上海市杨浦区国定路700弄,2022-04-20
上海市杨浦区国和二村,2022-04-20
上海市杨浦区国和路482号,2022-04-20
上海市杨浦区国和路500弄,2022-04-20
上海市杨浦区国和路611弄,2022-04-20
上海市杨浦区国和一村,2022-04-20
上海市杨浦区国京路50弄,2022-04-20
上海市杨浦区国科路39弄,2022-04-20
上海市杨浦区国年路101弄,2022-04-20
上海市杨浦区国年路102弄,2022-04-20
上海市杨浦区国年路135弄,2022-04-20
上海市杨浦区国年路160弄,2022-04-20
上海市杨浦区国年路250弄,2022-04-20
上海市杨浦区国年路65弄,2022-04-20
上海市杨浦区国权北路10弄,2022-04-20
上海市杨浦区国权北路6弄,2022-04-20
上海市杨浦区国权北路8弄,2022-04-20
上海市杨浦区国权东路99弄,2022-04-20
上海市杨浦区国权后路25弄,2022-04-20
上海市杨浦区国权路333弄,2022-04-20
上海市杨浦区国权路336弄,2022-04-20
上海市杨浦区国权路33号,2022-04-20
上海市杨浦区国权路39号,2022-04-20
上海市杨浦区国权路85号,2022-04-20
上海市杨浦区国权路91弄,2022-04-20
上海市杨浦区国顺路117弄,2022-04-20
上海市杨浦区国顺路310弄,2022-04-20
上海市杨浦区国顺路375弄,2022-04-20
上海市杨浦区国顺路571号,2022-04-20
上海市杨浦区国顺路650弄,2022-04-20
上海市杨浦区国顺路81弄,2022-04-20
上海市杨浦区国伟路100弄,2022-04-20
上海市杨浦区国伟路500弄,2022-04-20
上海市杨浦区国晓路500弄,2022-04-20
上海市杨浦区海州路273号,2022-04-20
上海市杨浦区海州路83号,2022-04-20
上海市杨浦区邯郸路399号,2022-04-20
上海市杨浦区邯郸路470弄,2022-04-20
上海市杨浦区邯郸路500弄,2022-04-20
上海市杨浦区河间路1040弄,2022-04-20
上海市杨浦区河间路1407号,2022-04-20
上海市杨浦区河间路1421号,2022-04-20
上海市杨浦区河间路555弄,2022-04-20
上海市杨浦区河间路595号,2022-04-20
上海市杨浦区河间路827弄,2022-04-20
上海市杨浦区浣纱三村,2022-04-20
上海市杨浦区黄兴路1019弄,2022-04-20
上海市杨浦区黄兴路1033号,2022-04-20
上海市杨浦区黄兴路1039弄,2022-04-20
上海市杨浦区黄兴路1057号,2022-04-20
上海市杨浦区黄兴路1618号,2022-04-20
上海市杨浦区黄兴路1818号,2022-04-20
上海市杨浦区黄兴路1999弄,2022-04-20
上海市杨浦区黄兴路1号,2022-04-20
上海市杨浦区黄兴路2020弄,2022-04-20
上海市杨浦区霍山路1191弄,2022-04-20
上海市杨浦区霍山路1200弄,2022-04-20
上海市杨浦区霍山路5号,2022-04-20
上海市杨浦区吉浦路375号,2022-04-20
上海市杨浦区吉浦路395弄,2022-04-20
上海市杨浦区纪念路289弄,2022-04-20
上海市杨浦区济宁路29弄,2022-04-20
上海市杨浦区济宁路479弄,2022-04-20
上海市杨浦区佳木斯路122号,2022-04-20
上海市杨浦区佳木斯路124号,2022-04-20
上海市杨浦区佳木斯路185弄,2022-04-20
上海市杨浦区佳木斯路208弄,2022-04-20
上海市杨浦区佳木斯路270号,2022-04-20
上海市杨浦区佳木斯路315弄,2022-04-20
上海市杨浦区江浦路1188号,2022-04-20
上海市杨浦区江浦路1275弄,2022-04-20
上海市杨浦区江浦路1285弄,2022-04-20
上海市杨浦区江浦路1315弄,2022-04-20
上海市杨浦区江浦路1380号,2022-04-20
上海市杨浦区江浦路259弄,2022-04-20
上海市杨浦区江湾城路88弄,2022-04-20
上海市杨浦区锦西路100弄,2022-04-20
上海市杨浦区锦西路30弄,2022-04-20
上海市杨浦区锦西路63弄,2022-04-20
上海市杨浦区靖宇东路58弄,2022-04-20
上海市杨浦区靖宇东路85弄,2022-04-20
上海市杨浦区靖宇南路118弄,2022-04-20
上海市杨浦区靖宇南路5弄,2022-04-20
上海市杨浦区靖宇南路99弄,2022-04-20
上海市杨浦区靖宇中路70号,2022-04-20
上海市杨浦区军工路100弄,2022-04-20
上海市杨浦区军工路2866号,2022-04-20
上海市杨浦区军工路303号,2022-04-20
上海市杨浦区军工路400弄,2022-04-20
上海市杨浦区军工路911号,2022-04-20
上海市杨浦区开鲁二村,2022-04-20
上海市杨浦区开鲁六村,2022-04-20
上海市杨浦区开鲁路320弄,2022-04-20
上海市杨浦区开鲁路382弄,2022-04-20
上海市杨浦区开鲁路498号,2022-04-20
上海市杨浦区开鲁三村,2022-04-20
上海市杨浦区开鲁四村,2022-04-20
上海市杨浦区开鲁五村,2022-04-20
上海市杨浦区控江东三村,2022-04-20
上海市杨浦区控江二村,2022-04-20
上海市杨浦区控江六村,2022-04-20
上海市杨浦区控江路103号,2022-04-20
上海市杨浦区控江路121弄,2022-04-20
上海市杨浦区控江路1434号,2022-04-20
上海市杨浦区控江路1447号,2022-04-20
上海市杨浦区控江路1450号,2022-04-20
上海市杨浦区控江路1456号,2022-04-20
上海市杨浦区控江路1462号,2022-04-20
上海市杨浦区控江路1505弄,2022-04-20
上海市杨浦区控江路1700号,2022-04-20
上海市杨浦区控江路2023号,2022-04-20
上海市杨浦区控江路2063号,2022-04-20
上海市杨浦区控江路600号,2022-04-20
上海市杨浦区控江路650弄,2022-04-20
上海市杨浦区控江路652弄,2022-04-20
上海市杨浦区控江路680弄,2022-04-20
上海市杨浦区控江路77号,2022-04-20
上海市杨浦区控江路79号,2022-04-20
上海市杨浦区控江路802弄,2022-04-20
上海市杨浦区控江路83号,2022-04-20
上海市杨浦区控江路874弄,2022-04-20
上海市杨浦区控江路89号,2022-04-20
上海市杨浦区控江七村,2022-04-20
上海市杨浦区控江四村,2022-04-20
上海市杨浦区控江五村,2022-04-20
上海市杨浦区控江西三村,2022-04-20
上海市杨浦区控江一村,2022-04-20
上海市杨浦区黎平路1号,2022-04-20
上海市杨浦区辽阳路321弄,2022-04-20
上海市杨浦区辽源东路8号,2022-04-20
上海市杨浦区辽源四村,2022-04-20
上海市杨浦区辽源西路107号,2022-04-20
上海市杨浦区辽源西路230弄,2022-04-20
上海市杨浦区临青路284号,2022-04-20
上海市杨浦区龙江路317弄,2022-04-20
上海市杨浦区龙江路388弄,2022-04-20
上海市杨浦区龙口路165号,2022-04-20
上海市杨浦区隆昌路235号,2022-04-20
上海市杨浦区隆昌路362号,2022-04-20
上海市杨浦区隆昌路532弄,2022-04-20
上海市杨浦区隆昌路541弄,2022-04-20
上海市杨浦区隆昌路718弄,2022-04-20
上海市杨浦区眉州路100弄,2022-04-20
上海市杨浦区眉州路300号,2022-04-20
上海市杨浦区眉州路354弄,2022-04-20
上海市杨浦区眉州路420弄,2022-04-20
上海市杨浦区眉州路888弄,2022-04-20
上海市杨浦区眉州路938弄,2022-04-20
上海市杨浦区密云路444弄,2022-04-20
上海市杨浦区密云路454弄,2022-04-20
上海市杨浦区密云路528弄,2022-04-20
上海市杨浦区民府路1199弄,2022-04-20
上海市杨浦区民府路1258弄,2022-04-20
上海市杨浦区民国路438弄,2022-04-20
上海市杨浦区民京路199号,2022-04-20
上海市杨浦区民京路837弄,2022-04-20
上海市杨浦区民京路838弄,2022-04-20
上海市杨浦区民京路960号,2022-04-20
上海市杨浦区民星路191号,2022-04-20
上海市杨浦区民星路330弄,2022-04-20
上海市杨浦区民星路350弄,2022-04-20
上海市杨浦区民星路376弄,2022-04-20
上海市杨浦区民星路50号,2022-04-20
上海市杨浦区民壮路6号,2022-04-20
上海市杨浦区南翔殷路81号,2022-04-20
上海市杨浦区内江二村,2022-04-20
上海市杨浦区内江路168弄,2022-04-20
上海市杨浦区内江路16弄,2022-04-20
上海市杨浦区内江路17号,2022-04-20
上海市杨浦区内江路222弄,2022-04-20
上海市杨浦区内江路30号,2022-04-20
上海市杨浦区内江路9号,2022-04-20
上海市杨浦区内江一村,2022-04-20
上海市杨浦区嫩江路831弄,2022-04-20
上海市杨浦区嫩江路857号,2022-04-20
上海市杨浦区宁国路10号,2022-04-20
上海市杨浦区宁国路28号,2022-04-20
上海市杨浦区宁国南路77号,2022-04-20
上海市杨浦区宁武路269号,2022-04-20
上海市杨浦区宁武路445弄,2022-04-20
上海市杨浦区宁武路622号,2022-04-20
上海市杨浦区平凉路1295号,2022-04-20
上海市杨浦区平凉路1350弄,2022-04-20
上海市杨浦区平凉路1625号,2022-04-20
上海市杨浦区平凉路1749弄,2022-04-20
上海市杨浦区平凉路1889弄,2022-04-20
上海市杨浦区平凉路1976弄,2022-04-20
上海市杨浦区平凉路1988号,2022-04-20
上海市杨浦区平凉路2525号,2022-04-20
上海市杨浦区平凉路2545弄,2022-04-20
上海市杨浦区平凉路2625弄,2022-04-20
上海市杨浦区平凉路2677弄,2022-04-20
上海市杨浦区平凉路2767弄,2022-04-20
上海市杨浦区虬江码头路5号,2022-04-20
上海市杨浦区仁德路100弄,2022-04-20
上海市杨浦区仁德路148弄,2022-04-20
上海市杨浦区仁德路67弄,2022-04-20
上海市杨浦区三门路11弄,2022-04-20
上海市杨浦区三门路24弄,2022-04-20
上海市杨浦区三门路318弄,2022-04-20
上海市杨浦区三门路358弄,2022-04-20
上海市杨浦区三门路48弄,2022-04-20
上海市杨浦区三门路510弄,2022-04-20
上海市杨浦区三门路550号,2022-04-20
上海市杨浦区三门路588弄,2022-04-20
上海市杨浦区沈家桥小区,2022-04-20
上海市杨浦区沈阳路128号,2022-04-20
上海市杨浦区世界路15弄,2022-04-20
上海市杨浦区世界路43弄,2022-04-20
上海市杨浦区世界路99弄,2022-04-20
上海市杨浦区市光二村,2022-04-20
上海市杨浦区市光路132弄,2022-04-20
上海市杨浦区市光路133弄,2022-04-20
上海市杨浦区市光路138号,2022-04-20
上海市杨浦区市光路143弄,2022-04-20
上海市杨浦区市光路165弄,2022-04-20
上海市杨浦区市光路166弄,2022-04-20
上海市杨浦区市光路170号,2022-04-20
上海市杨浦区市光路176号,2022-04-20
上海市杨浦区市光路299号,2022-04-20
上海市杨浦区市光路60弄,2022-04-20
上海市杨浦区市光路70弄,2022-04-20
上海市杨浦区市光路98弄,2022-04-20
上海市杨浦区市光四村,2022-04-20
上海市杨浦区市光一村,2022-04-20
上海市杨浦区双辽路155弄,2022-04-20
上海市杨浦区双辽路200弄,2022-04-20
上海市杨浦区双辽路231号,2022-04-20
上海市杨浦区双辽新村,2022-04-20
上海市杨浦区双辽支路45弄,2022-04-20
上海市杨浦区双辽支路60弄,2022-04-20
上海市杨浦区双辽支路65弄,2022-04-20
上海市杨浦区双辽支路70弄,2022-04-20
上海市杨浦区双阳二村,2022-04-20
上海市杨浦区双阳路111弄,2022-04-20
上海市杨浦区双阳路421号,2022-04-20
上海市杨浦区双阳路505号,2022-04-20
上海市杨浦区双阳路507号,2022-04-20
上海市杨浦区双阳路50弄,2022-04-20
上海市杨浦区双阳路594弄,2022-04-20
上海市杨浦区双阳路666弄,2022-04-20
上海市杨浦区双阳路68弄,2022-04-20
上海市杨浦区双阳路78号,2022-04-20
上海市杨浦区双阳一村,2022-04-20
上海市杨浦区双阳支路28弄,2022-04-20
上海市杨浦区双阳支路31弄,2022-04-20
上海市杨浦区水电新村,2022-04-20
上海市杨浦区顺平路1122弄,2022-04-20
上海市杨浦区顺平路59弄,2022-04-20
上海市杨浦区四平路2065弄,2022-04-20
上海市杨浦区四平路980弄,2022-04-20
上海市杨浦区松花江路333号,2022-04-20
上海市杨浦区松花江路36号,2022-04-20
上海市杨浦区松花一村,2022-04-20
上海市杨浦区苏家屯路29弄,2022-04-20
上海市杨浦区唐山路1039弄,2022-04-20
上海市杨浦区铁岭路10弄,2022-04-20
上海市杨浦区铁岭路110弄,2022-04-20
上海市杨浦区铁岭路28弄,2022-04-20
上海市杨浦区铁岭路50弄,2022-04-20
上海市杨浦区铁岭路90弄,2022-04-20
上海市杨浦区通北路888号,2022-04-20
上海市杨浦区图们路10弄,2022-04-20
上海市杨浦区图们路17号,2022-04-20
上海市杨浦区图们路25号,2022-04-20
上海市杨浦区图们路6号,2022-04-20
上海市杨浦区渭南路145弄,2022-04-20
上海市杨浦区武川路222弄,2022-04-20
上海市杨浦区武川路245弄,2022-04-20
上海市杨浦区武川路280号,2022-04-20
上海市杨浦区武川路99弄,2022-04-20
上海市杨浦区武东路222弄,2022-04-20
上海市杨浦区武东路245弄,2022-04-20
上海市杨浦区武东路28弄,2022-04-20
上海市杨浦区翔殷路258弄,2022-04-20
上海市杨浦区翔殷路280弄,2022-04-20
上海市杨浦区翔殷路309弄,2022-04-20
上海市杨浦区翔殷路350号,2022-04-20
上海市杨浦区翔殷路491弄,2022-04-20
上海市杨浦区翔殷路500弄,2022-04-20
上海市杨浦区翔殷路505弄,2022-04-20
上海市杨浦区翔殷路542号,2022-04-20
上海市杨浦区翔殷路791弄,2022-04-20
上海市杨浦区翔殷路81号,2022-04-20
上海市杨浦区翔殷路871弄,2022-04-20
上海市杨浦区翔殷路905号,2022-04-20
上海市杨浦区许昌路1200号,2022-04-20
上海市杨浦区许昌路1479弄,2022-04-20
上海市杨浦区许昌路1588弄,2022-04-20
上海市杨浦区许昌路1600号,2022-04-20
上海市杨浦区许昌路899号,2022-04-20
上海市杨浦区延吉东路125弄,2022-04-20
上海市杨浦区延吉东路130弄,2022-04-20
上海市杨浦区延吉东路131弄,2022-04-20
上海市杨浦区延吉东路140弄,2022-04-20
上海市杨浦区延吉东路143号,2022-04-20
上海市杨浦区延吉东路145号,2022-04-20
上海市杨浦区延吉东路1弄,2022-04-20
上海市杨浦区延吉东路557弄,2022-04-20
上海市杨浦区延吉二村,2022-04-20
上海市杨浦区延吉七村,2022-04-20
上海市杨浦区延吉四村,2022-04-20
上海市杨浦区延吉五村,2022-04-20
上海市杨浦区延吉西路80弄,2022-04-20
上海市杨浦区延吉西路81弄,2022-04-20
上海市杨浦区延吉一村,2022-04-20
上海市杨浦区延吉中路101弄,2022-04-20
上海市杨浦区延吉中路105号,2022-04-20
上海市杨浦区延吉中路117弄,2022-04-20
上海市杨浦区延吉中路118弄,2022-04-20
上海市杨浦区延吉中路139号,2022-04-20
上海市杨浦区延吉中路245弄,2022-04-20
上海市杨浦区延吉中路320弄,2022-04-20
上海市杨浦区延吉中路365弄,2022-04-20
上海市杨浦区延吉中路555弄,2022-04-20
上海市杨浦区延吉中路95号,2022-04-20
上海市杨浦区扬州路588弄,2022-04-20
上海市杨浦区杨树浦路1455弄,2022-04-20
上海市杨浦区杨树浦路1730号,2022-04-20
上海市杨浦区杨树浦路3061弄,2022-04-20
上海市杨浦区逸仙路35号,2022-04-20
上海市杨浦区逸仙路599弄,2022-04-20
上海市杨浦区逸仙路655弄,2022-04-20
上海市杨浦区逸仙路661号,2022-04-20
上海市杨浦区逸仙路669弄,2022-04-20
上海市杨浦区殷行路1388号,2022-04-20
上海市杨浦区殷行路1418号,2022-04-20
上海市杨浦区殷行路1555弄,2022-04-20
上海市杨浦区殷行路1628弄,2022-04-20
上海市杨浦区殷行路301弄,2022-04-20
上海市杨浦区殷行路305弄,2022-04-20
上海市杨浦区殷行路430弄,2022-04-20
上海市杨浦区殷行路451弄,2022-04-20
上海市杨浦区殷行路470弄,2022-04-20
上海市杨浦区殷行路530弄,2022-04-20
上海市杨浦区殷行路652号,2022-04-20
上海市杨浦区殷行路666号,2022-04-20
上海市杨浦区友谊新村,2022-04-20
上海市杨浦区远东一村,2022-04-20
上海市杨浦区闸殷村,2022-04-20
上海市杨浦区闸殷路11弄,2022-04-20
上海市杨浦区闸殷路1555号,2022-04-20
上海市杨浦区闸殷路305号,2022-04-20
上海市杨浦区闸殷路889弄,2022-04-20
上海市杨浦区闸殷路8号,2022-04-20
上海市杨浦区政本路119号,2022-04-20
上海市杨浦区政本路127号,2022-04-20
上海市杨浦区政本路133号,2022-04-20
上海市杨浦区政澄路81号,2022-04-20
上海市杨浦区政府路181弄,2022-04-20
上海市杨浦区政和路538弄,2022-04-20
上海市杨浦区政化路257号,2022-04-20
上海市杨浦区政立路1585弄,2022-04-20
上海市杨浦区政立路1588弄,2022-04-20
上海市杨浦区政立路1699号,2022-04-20
上海市杨浦区政立路505弄,2022-04-20
上海市杨浦区政立路545弄,2022-04-20
上海市杨浦区政立路580弄,2022-04-20
上海市杨浦区政立路639弄,2022-04-20
上海市杨浦区政立路817弄,2022-04-20
上海市杨浦区政立路821弄,2022-04-20
上海市杨浦区政立路830弄,2022-04-20
上海市杨浦区政立路843号,2022-04-20
上海市杨浦区政民路230弄,2022-04-20
上海市杨浦区政民路511弄,2022-04-20
上海市杨浦区政青路111号,2022-04-20
上海市杨浦区政青路99号,2022-04-20
上海市杨浦区政肃路151弄,2022-04-20
上海市杨浦区政肃路45弄,2022-04-20
上海市杨浦区政肃路95弄,2022-04-20
上海市杨浦区政通路20弄,2022-04-20
上海市杨浦区政通路240弄,2022-04-20
上海市杨浦区政通路29弄,2022-04-20
上海市杨浦区政通路305弄,2022-04-20
上海市杨浦区政通路311弄,2022-04-20
上海市杨浦区政熙路68弄,2022-04-20
上海市杨浦区政学路77号,2022-04-20
上海市杨浦区政悦路500弄,2022-04-20
上海市杨浦区政悦路88弄,2022-04-20
上海市杨浦区中原路209号,2022-04-20
上海市杨浦区中原路28弄,2022-04-20
上海市杨浦区中原路990弄,2022-04-20
上海市杨浦区中原路99弄,2022-04-20
上海市杨浦区中原一村,2022-04-20
上海市杨浦区周家嘴路1220弄,2022-04-20
上海市杨浦区周家嘴路1229号,2022-04-20
上海市杨浦区周家嘴路1683弄,2022-04-20
上海市杨浦区周家嘴路2399号,2022-04-20
上海市杨浦区周家嘴路3608号,2022-04-20
上海市杨浦区周家嘴路4320号,2022-04-20
上海市杨浦区周家嘴路4440号,2022-04-20
上海市杨浦区周家嘴路4500号,2022-04-20
上海市宝山区白沙园路333弄,2022-04-20
上海市宝山区宝安公路88号,2022-04-20
上海市宝山区宝安公路218号,2022-04-20
上海市宝山区宝荻路535弄,2022-04-20
上海市宝山区宝祁路399号,2022-04-20
上海市宝山区宝杨路3184弄,2022-04-20
上海市宝山区北街42弄,2022-04-20
上海市宝山区长江路54号,2022-04-20
上海市宝山区长江路860弄,2022-04-20
上海市宝山区长江南路188弄,2022-04-20
上海市宝山区长江南路245弄,2022-04-20
上海市宝山区长江西路1000号,2022-04-20
上海市宝山区长江西路2230弄,2022-04-20
上海市宝山区长临路1118弄,2022-04-20
上海市宝山区场北路39弄,2022-04-20
上海市宝山区场中路3658弄,2022-04-20
上海市宝山区陈川路555弄,2022-04-20
上海市宝山区城银路700号,2022-04-20
上海市宝山区春雷路332弄,2022-04-20
上海市宝山区大华路1500弄,2022-04-20
上海市宝山区大康路891弄,2022-04-20
上海市宝山区大康路1079弄,2022-04-20
上海市宝山区德都路88弄,2022-04-20
上海市宝山区德都路165弄,2022-04-20
上海市宝山区德都路168弄,2022-04-20
上海市宝山区电台路599弄,2022-04-20
上海市宝山区丰翔路153号,2022-04-20
上海市宝山区丰翔路1500号,2022-04-20
上海市宝山区丰翔路1675号,2022-04-20
上海市宝山区抚远路1288弄,2022-04-20
上海市宝山区富锦路1368号,2022-04-20
上海市宝山区富锦路1659弄,2022-04-20
上海市宝山区富锦路1858号,2022-04-20
上海市宝山区富联二路55弄,2022-04-20
上海市宝山区富联二路99号,2022-04-20
上海市宝山区富联二路100号,2022-04-20
上海市宝山区富联二路177弄,2022-04-20
上海市宝山区富联二路438号,2022-04-20
上海市宝山区富联路1188号,2022-04-20
上海市宝山区富桥路99号,2022-04-20
上海市宝山区富杨路223弄,2022-04-20
上海市宝山区高境路477弄,2022-04-20
上海市宝山区共富路569弄,2022-04-20
上海市宝山区共和新路4719弄,2022-04-20
上海市宝山区共和新路5288号,2022-04-20
上海市宝山区顾北东路39弄,2022-04-20
上海市宝山区顾北东路155弄,2022-04-20
上海市宝山区顾北路501弄,2022-04-20
上海市宝山区顾泾河路30弄,2022-04-20
上海市宝山区国权北路290弄,2022-04-20
上海市宝山区国权北路413弄,2022-04-20
上海市宝山区国权北路828弄,2022-04-20
上海市宝山区海笛路199弄,2022-04-20
上海市宝山区行知路251弄,2022-04-20
上海市宝山区行知路356弄,2022-04-20
上海市宝山区何家湾路48号,2022-04-20
上海市宝山区恒高路83弄,2022-04-20
上海市宝山区恒高路127弄,2022-04-20
上海市宝山区恒高路128弄,2022-04-20
上海市宝山区红林路576弄,2022-04-20
上海市宝山区红林路589弄,2022-04-20
上海市宝山区厚仁路58弄,2022-04-20
上海市宝山区沪太路551号,2022-04-20
上海市宝山区沪太路1500弄,2022-04-20
上海市宝山区沪太路3100号,2022-04-20
上海市宝山区沪太路3611弄,2022-04-20
上海市宝山区沪太路3633弄,2022-04-20
上海市宝山区沪太路3651弄,2022-04-20
上海市宝山区沪太支路476号,2022-04-20
上海市宝山区花园宅路190弄,2022-04-20
上海市宝山区华灵路680弄,2022-04-20
上海市宝山区华灵路1210弄,2022-04-20
上海市宝山区华灵路1788弄,2022-04-20
上海市宝山区华灵路1895弄,2022-04-20
上海市宝山区华灵路1900弄,2022-04-20
上海市宝山区环镇北路180弄,2022-04-20
上海市宝山区环镇北路699弄,2022-04-20
上海市宝山区吉浦路615弄,2022-04-20
上海市宝山区集贤路150弄,2022-04-20
上海市宝山区江杨北路1639弄,2022-04-20
上海市宝山区江杨南路728号,2022-04-20
上海市宝山区江杨南路980号,2022-04-20
上海市宝山区江杨南路1646号,2022-04-20
上海市宝山区江杨南路2058号,2022-04-20
上海市宝山区江杨南路2550弄,2022-04-20
上海市宝山区江杨南路2588号,2022-04-20
上海市宝山区界华路100弄,2022-04-20
上海市宝山区锦秋路36弄,2022-04-20
上海市宝山区锦秋路699弄,2022-04-20
上海市宝山区锦秋路1427号,2022-04-20
上海市宝山区锦秋路1456弄,2022-04-20
上海市宝山区菊泉街55弄,2022-04-20
上海市宝山区菊泉街1280弄,2022-04-20
上海市宝山区菊太路1221弄,2022-04-20
上海市宝山区聚丰园路388弄,2022-04-20
上海市宝山区聚丰园路500弄,2022-04-20
上海市宝山区聚丰园路628弄,2022-04-20
上海市宝山区康文路330弄,2022-04-20
上海市宝山区莲花山路55弄,2022-04-20
上海市宝山区莲花山路517弄,2022-04-20
上海市宝山区联泰路63号,2022-04-20
上海市宝山区联杨路1078弄,2022-04-20
上海市宝山区联谊路58号,2022-04-20
上海市宝山区联长路55号,2022-04-20
上海市宝山区联长路57号,2022-04-20
上海市宝山区联长路69号,2022-04-20
上海市宝山区联长路199号,2022-04-20
上海市宝山区岭南路1288弄,2022-04-20
上海市宝山区陆翔路678弄,2022-04-20
上海市宝山区陆翔路1081弄,2022-04-20
上海市宝山区陆翔路3500弄,2022-04-20
上海市宝山区罗东路50弄,2022-04-20
上海市宝山区罗东路52弄,2022-04-20
上海市宝山区罗东路500弄,2022-04-20
上海市宝山区罗东路501弄,2022-04-20
上海市宝山区罗东路508号,2022-04-20
上海市宝山区罗太路533弄,2022-04-20
上海市宝山区罗智路258弄,2022-04-20
上海市宝山区毛家路212弄,2022-04-20
上海市宝山区毛家路400弄,2022-04-20
上海市宝山区毛家路601弄,2022-04-20
上海市宝山区梅林路666弄,2022-04-20
上海市宝山区梅林路866弄,2022-04-20
上海市宝山区美康路818弄,2022-04-20
上海市宝山区美平路500弄,2022-04-20
上海市宝山区美秀路358弄,2022-04-20
上海市宝山区美秀路558弄,2022-04-20
上海市宝山区南陈路278弄,2022-04-20
上海市宝山区南大路6弄,2022-04-20
上海市宝山区南大路30号,2022-04-20
上海市宝山区南大路76弄,2022-04-20
上海市宝山区南大路96弄,2022-04-20
上海市宝山区南大路126弄,2022-04-20
上海市宝山区南弄街36号,2022-04-20
上海市宝山区南卫路38弄,2022-04-20
上海市宝山区南温藻路1580号,2022-04-20
上海市宝山区南蕰藻路830号,2022-04-20
上海市宝山区南蕰藻路999号,2022-04-20
上海市宝山区南蕰藻路1580号,2022-04-20
上海市宝山区盘古路780号,2022-04-20
上海市宝山区祁华路219弄,2022-04-20
上海市宝山区祁华路300弄,2022-04-20
上海市宝山区祁华路655弄,2022-04-20
上海市宝山区祁真路199弄,2022-04-20
上海市宝山区乾溪路51弄,2022-04-20
上海市宝山区乾溪路100弄,2022-04-20
上海市宝山区乾溪路201弄,2022-04-20
上海市宝山区三门路55弄,2022-04-20
上海市宝山区三门路489弄,2022-04-20
上海市宝山区三门路497弄,2022-04-20
上海市宝山区三门路555弄,2022-04-20
上海市宝山区三泉路1495弄,2022-04-20
上海市宝山区三泉路1858弄,2022-04-20
上海市宝山区韶山路348弄,2022-04-20
上海市宝山区水产路1428号,2022-04-20
上海市宝山区水产路1436号,2022-04-20
上海市宝山区水产路1438弄,2022-04-20
上海市宝山区水产路2289号,2022-04-20
上海市宝山区水产路2600弄,2022-04-20
上海市宝山区水产西路200号,2022-04-20
上海市宝山区水产西路777弄,2022-04-20
上海市宝山区水产西路858弄,2022-04-20
上海市宝山区四元路20弄,2022-04-20
上海市宝山区松兰路198弄,2022-04-20
上海市宝山区松兰路328弄,2022-04-20
上海市宝山区松兰路382号,2022-04-20
上海市宝山区松兰路507弄,2022-04-20
上海市宝山区淞宝路94弄,2022-04-20
上海市宝山区淞滨路77弄,2022-04-20
上海市宝山区淞湾路188弄,2022-04-20
上海市宝山区淞肇路333弄,2022-04-20
上海市宝山区苏家浜路435弄,2022-04-20
上海市宝山区绥化路265弄,2022-04-20
上海市宝山区泰和路1155号,2022-04-20
上海市宝山区泰和路1288号,2022-04-20
上海市宝山区泰和路1415号,2022-04-20
上海市宝山区泰兴桥190号,2022-04-20
上海市宝山区塘后路285弄,2022-04-20
上海市宝山区塘祁路517弄,2022-04-20
上海市宝山区塘西街398弄,2022-04-20
上海市宝山区铁城路1555号,2022-04-20
上海市宝山区铁峰路269号,2022-04-20
上海市宝山区铁力路3号,2022-04-20
上海市宝山区铁力路6号,2022-04-20
上海市宝山区铁力路223号,2022-04-20
上海市宝山区铁力路282号,2022-04-20
上海市宝山区铁力路550号,2022-04-20
上海市宝山区铁山路9号,2022-04-20
上海市宝山区铁山路38号,2022-04-20
上海市宝山区铁山路69号,2022-04-20
上海市宝山区铁山路155号,2022-04-20
上海市宝山区铁山路159号,2022-04-20
上海市宝山区铁印路218号,2022-04-20
上海市宝山区通南路55弄,2022-04-20
上海市宝山区通南路91号,2022-04-20
上海市宝山区通南路388号,2022-04-20
上海市宝山区通南路400号,2022-04-20
上海市宝山区通南路414号,2022-04-20
上海市宝山区同济路303号,2022-04-20
上海市宝山区同泰北路227弄,2022-04-20
上海市宝山区同泰路135弄,2022-04-20
上海市宝山区纬地路358弄,2022-04-20
上海市宝山区汶水路1585弄,2022-04-20
上海市宝山区萧云路88弄,2022-04-20
上海市宝山区新二路168号,2022-04-20
上海市宝山区新二路999弄,2022-04-20
上海市宝山区新二路1088弄,2022-04-20
上海市宝山区杨北路185弄,2022-04-20
上海市宝山区杨泰路55弄,2022-04-20
上海市宝山区杨泰路99弄,2022-04-20
上海市宝山区杨泰路116号,2022-04-20
上海市宝山区杨泰路508号,2022-04-20
上海市宝山区杨泰路2158弄,2022-04-20
上海市宝山区杨鑫路98弄,2022-04-20
上海市宝山区一二八纪念路55弄,2022-04-20
上海市宝山区一二八纪念路688弄,2022-04-20
上海市宝山区一二八纪念路933弄,2022-04-20
上海市宝山区一二八纪念路967弄,2022-04-20
上海市宝山区逸仙路1238弄,2022-04-20
上海市宝山区逸仙路1588弄,2022-04-20
上海市宝山区逸仙路3001号,2022-04-20
上海市宝山区逸仙路3808号,2022-04-20
上海市宝山区殷高路7弄,2022-04-20
上海市宝山区殷高路21弄,2022-04-20
上海市宝山区殷高西路379号,2022-04-20
上海市宝山区永乐路115弄,2022-04-20
上海市宝山区友谊路1869弄,2022-04-20
上海市宝山区友谊路2699号,2022-04-20
上海市宝山区友谊路2858弄,2022-04-20
上海市宝山区月城路300弄,2022-04-20
上海市宝山区月辉路168弄,2022-04-20
上海市宝山区月罗路120号,2022-04-20
上海市宝山区月罗路160号,2022-04-20
上海市宝山区月罗路1077号,2022-04-20
上海市宝山区月罗路1116号,2022-04-20
上海市宝山区月罗路1211号,2022-04-20
上海市宝山区月罗路1258号,2022-04-20
上海市宝山区云西路168弄,2022-04-20
上海市宝山区张桥街5弄,2022-04-20
上海市宝山区真北路4333弄,2022-04-20
上海市宝山区真陈路719号,2022-04-20
上海市宝山区真陈路778号,2022-04-20
上海市宝山区真陈路788号,2022-04-20
上海市宝山区真陈路868号,2022-04-20
上海市宝山区真陈路960号,2022-04-20
上海市宝山区真大路358弄,2022-04-20
上海市宝山区真华路1030弄,2022-04-20
上海市宝山区振园路269号,2022-04-20
上海市宝山区镇泰路308弄,2022-04-20
上海市宝山区镇新路398号,2022-04-20
上海市宝山区竹韵路258弄,2022-04-20
上海市宝山区宝钢三村,2022-04-20
上海市宝山区宝钢十村,2022-04-20
上海市宝山区宝山一村,2022-04-20
上海市宝山区宝山三村,2022-04-20
上海市宝山区北金村,2022-04-20
上海市宝山区蔡家弄村,2022-04-20
上海市宝山区陈家行村,2022-04-20
上海市宝山区陈巷村,2022-04-20
上海市宝山区东方红村,2022-04-20
上海市宝山区东街村,2022-04-20
上海市宝山区段泾村,2022-04-20
上海市宝山区二纺新工房,2022-04-20
上海市宝山区高境二村,2022-04-20
上海市宝山区共富一村,2022-04-20
上海市宝山区共富二村,2022-04-20
上海市宝山区共和三村,2022-04-20
上海市宝山区共和四村,2022-04-20
上海市宝山区共康五村,2022-04-20
上海市宝山区共康六村,2022-04-20
上海市宝山区共康八村,2022-04-20
上海市宝山区海滨新村,2022-04-20
上海市宝山区海滨二村,2022-04-20
上海市宝山区海滨八村,2022-04-20
上海市宝山区海江新村,2022-04-20
上海市宝山区海江一村,2022-04-20
上海市宝山区呼玛一村,2022-04-20
上海市宝山区呼玛三村,2022-04-20
上海市宝山区呼玛四村,2022-04-20
上海市宝山区华浜新村,2022-04-20
上海市宝山区江杨新村,2022-04-20
上海市宝山区聚源桥村,2022-04-20
上海市宝山区老安村,2022-04-20
上海市宝山区联东村,2022-04-20
上海市宝山区罗南二村,2022-04-20
上海市宝山区茂盛村,2022-04-20
上海市宝山区湄浦村,2022-04-20
上海市宝山区炮台村,2022-04-20
上海市宝山区祁连一村,2022-04-20
上海市宝山区祁连二村,2022-04-20
上海市宝山区钱潘村,2022-04-20
上海市宝山区羌家村,2022-04-20
上海市宝山区三星村,2022-04-20
上海市宝山区沈杨村,2022-04-20
上海市宝山区束里桥村,2022-04-20
上海市宝山区泗塘一村,2022-04-20
上海市宝山区泗塘二村,2022-04-20
上海市宝山区泗塘三村,2022-04-20
上海市宝山区泗塘四村,2022-04-20
上海市宝山区泗塘八村,2022-04-20
上海市宝山区淞南二村,2022-04-20
上海市宝山区淞南五村,2022-04-20
上海市宝山区淞南六村,2022-04-20
上海市宝山区淞南七村,2022-04-20
上海市宝山区淞南八村,2022-04-20
上海市宝山区淞南九村,2022-04-20
上海市宝山区淞南十村,2022-04-20
上海市宝山区谭杨村,2022-04-20
上海市宝山区桃园新村,2022-04-20
上海市宝山区通河一村,2022-04-20
上海市宝山区通河二村,2022-04-20
上海市宝山区通河三村,2022-04-20
上海市宝山区通河九村,2022-04-20
上海市宝山区王家村,2022-04-20
上海市宝山区五星村,2022-04-20
上海市宝山区西埝村,2022-04-20
上海市宝山区杨泰三村,2022-04-20
上海市宝山区永清二村,2022-04-20
上海市宝山区月浦六村,2022-04-20
上海市宝山区月浦十村,2022-04-20
上海市宝山区长春村,2022-04-20
上海市宝山区长征新村,2022-04-20
上海市宝山区镇东新村,2022-04-20
上海市宝山区中食新村,2022-04-20
上海市宝山区朱家弄村,2022-04-20
上海市闵行区爱博一村,2022-04-20
上海市闵行区爱博二村,2022-04-20
上海市闵行区爱博三村,2022-04-20
上海市闵行区爱博四村,2022-04-20
上海市闵行区爱博五村,2022-04-20
上海市闵行区爱博七村,2022-04-20
上海市闵行区爱国村,2022-04-20
上海市闵行区安乐村,2022-04-20
上海市闵行区安宁路289弄,2022-04-20
上海市闵行区白樟路99弄,2022-04-20
上海市闵行区保乐路168弄,2022-04-20
上海市闵行区报春路748弄,2022-04-20
上海市闵行区报春路816弄,2022-04-20
上海市闵行区报春路862弄,2022-04-20
上海市闵行区报春路863弄,2022-04-20
上海市闵行区北华路168弄,2022-04-20
上海市闵行区北华路22弄工地,2022-04-20
上海市闵行区北街新村,2022-04-20
上海市闵行区北桥东街,2022-04-20
上海市闵行区北沈126号,2022-04-20
上海市闵行区北沈路168号,2022-04-20
上海市闵行区北沈路188号,2022-04-20
上海市闵行区北沈路260弄,2022-04-20
上海市闵行区北沈路288弄,2022-04-20
上海市闵行区北沈路98号,2022-04-20
上海市闵行区北吴路1487号,2022-04-20
上海市闵行区北吴路501弄,2022-04-20
上海市闵行区北翟路1450号,2022-04-20
上海市闵行区北翟路1550号,2022-04-20
上海市闵行区北翟路1554弄,2022-04-20
上海市闵行区北翟路1555号,2022-04-20
上海市闵行区北翟路1558号,2022-04-20
上海市闵行区北翟路1630弄,2022-04-20
上海市闵行区北翟路2000弄51支弄,2022-04-20
上海市闵行区北翟路2000弄70支弄,2022-04-20
上海市闵行区北翟路5088弄,2022-04-20
上海市闵行区北翟支路60号,2022-04-20
上海市闵行区宾川路405号,2022-04-20
上海市闵行区宾川路416弄,2022-04-20
上海市闵行区滨浦新苑三村,2022-04-20
上海市闵行区滨浦新苑八村,2022-04-20
上海市闵行区曹行村,2022-04-20
上海市闵行区曹行支路81弄,2022-04-20
上海市闵行区曹家塘路390弄,2022-04-20
上海市闵行区曹家塘路399弄,2022-04-20
上海市闵行区曹建路201弄,2022-04-20
上海市闵行区曹中村,2022-04-20
上海市闵行区漕宝路1467弄,2022-04-20
上海市闵行区漕宝路1508弄,2022-04-20
上海市闵行区漕宝路1555弄,2022-04-20
上海市闵行区昌林路430号,2022-04-20
上海市闵行区程家桥路218弄,2022-04-20
上海市闵行区澄江路1290号,2022-04-20
上海市闵行区澄江路1518号,2022-04-20
上海市闵行区春都路75弄,2022-04-20
上海市闵行区春都路88弄,2022-04-20
上海市闵行区春申路1581弄,2022-04-20
上海市闵行区灯辉路1111号,2022-04-20
上海市闵行区灯辉路1169号,2022-04-20
上海市闵行区东风村,2022-04-20
上海市闵行区东华美路220弄,2022-04-20
上海市闵行区东兰路1349弄,2022-04-20
上海市闵行区东兰路751弄,2022-04-20
上海市闵行区都会路1500号工地,2022-04-20
上海市闵行区都会路258号,2022-04-20
上海市闵行区都会路2799弄,2022-04-20
上海市闵行区都会路2849弄,2022-04-20
上海市闵行区都会路3199弄,2022-04-20
上海市闵行区都会路3888弄,2022-04-20
上海市闵行区都市路2899弄,2022-04-20
上海市闵行区都市路3635弄,2022-04-20
上海市闵行区都市路4633弄,2022-04-20
上海市闵行区都市路5058弄,2022-04-20
上海市闵行区都市路659号,2022-04-20
上海市闵行区杜行村,2022-04-20
上海市闵行区繁兴路300弄,2022-04-20
上海市闵行区放鹤路1495号,2022-04-20
上海市闵行区放鹤路2426号,2022-04-20
上海市闵行区富卓路789弄,2022-04-20
上海市闵行区共和村,2022-04-20
上海市闵行区古龙路1065弄,2022-04-20
上海市闵行区古美一村,2022-04-20
上海市闵行区古美七村,2022-04-20
上海市闵行区古美八村,2022-04-20
上海市闵行区古美西路399弄,2022-04-20
上海市闵行区古美西路628弄,2022-04-20
上海市闵行区古美西路753弄,2022-04-20
上海市闵行区古美西路86弄,2022-04-20
上海市闵行区古美西路899弄,2022-04-20
上海市闵行区古羊路789弄,2022-04-20
上海市闵行区顾戴路1100弄,2022-04-20
上海市闵行区顾戴路2688号,2022-04-20
上海市闵行区顾戴路645弄,2022-04-20
上海市闵行区光华路188号,2022-04-20
上海市闵行区光华路287号,2022-04-20
上海市闵行区光华路99号,2022-04-20
上海市闵行区光辉村,2022-04-20
上海市闵行区广南路666弄,2022-04-20
上海市闵行区贵都路345弄,2022-04-20
上海市闵行区行南村,2022-04-20
上海市闵行区航北路180弄,2022-04-20
上海市闵行区航北路228弄,2022-04-20
上海市闵行区航东路750弄,2022-04-20
上海市闵行区航华一村,2022-04-20
上海市闵行区航华二村,2022-04-20
上海市闵行区航华四村,2022-04-20
上海市闵行区航新路88弄,2022-04-20
上海市闵行区和平村,2022-04-20
上海市闵行区鹤坡路66号,2022-04-20
上海市闵行区鹤庆路136弄,2022-04-20
上海市闵行区鹤庆路58弄,2022-04-20
上海市闵行区恒星村,2022-04-20
上海市闵行区红松路175弄,2022-04-20
上海市闵行区虹梅路2555弄,2022-04-20
上海市闵行区虹梅路2669弄,2022-04-20
上海市闵行区虹梅路2759弄,2022-04-20
上海市闵行区虹梅路2899弄,2022-04-20
上海市闵行区虹梅路999弄,2022-04-20
上海市闵行区虹梅南路1526弄,2022-04-20
上海市闵行区虹梅南路1555弄,2022-04-20
上海市闵行区虹梅南路1661弄,2022-04-20
上海市闵行区虹梅南路1770弄,2022-04-20
上海市闵行区虹梅南路1776弄,2022-04-20
上海市闵行区虹梅南路2288弄,2022-04-20
上海市闵行区虹梅南路2555弄,2022-04-20
上海市闵行区虹梅南路2638弄,2022-04-20
上海市闵行区虹梅南路3082弄,2022-04-20
上海市闵行区虹梅南路3588号,2022-04-20
上海市闵行区虹梅南路788号,2022-04-20
上海市闵行区虹莘路2288弄,2022-04-20
上海市闵行区虹莘路2448弄,2022-04-20
上海市闵行区虹莘路2591号,2022-04-20
上海市闵行区虹翔二路39号,2022-04-20
上海市闵行区虹许路368号,2022-04-20
上海市闵行区虹中路399弄,2022-04-20
上海市闵行区沪光路39弄,2022-04-20
上海市闵行区沪光路555弄,2022-04-20
上海市闵行区沪闵路1689号,2022-04-20
上海市闵行区沪闵路2242弄,2022-04-20
上海市闵行区沪闵路2358号,2022-04-20
上海市闵行区沪闵路5366弄,2022-04-20
上海市闵行区沪青平公路101弄,2022-04-20
上海市闵行区沪青平公路180弄,2022-04-20
上海市闵行区沪青平公路249弄,2022-04-20
上海市闵行区华漕村,2022-04-20
上海市闵行区华江路1260弄,2022-04-20
上海市闵行区华江路1309号,2022-04-20
上海市闵行区华江路1415弄,2022-04-20
上海市闵行区华翔路3788弄,2022-04-20
上海市闵行区华展路168弄,2022-04-20
上海市闵行区环镇西路440号,2022-04-20
上海市闵行区黄桦路345号,2022-04-20
上海市闵行区黄桦路568弄,2022-04-20
上海市闵行区汇舒路54弄,2022-04-20
上海市闵行区集体村,2022-04-20
上海市闵行区纪潭路200号,2022-04-20
上海市闵行区纪翟路1135弄,2022-04-20
上海市闵行区纪翟路1408号,2022-04-20
上海市闵行区佳宝二村,2022-04-20
上海市闵行区剑川路100弄,2022-04-20
上海市闵行区剑川路150弄,2022-04-20
上海市闵行区剑川路50弄,2022-04-20
上海市闵行区江川东路863弄,2022-04-20
上海市闵行区江川路1565弄,2022-04-20
上海市闵行区江川路241弄,2022-04-20
上海市闵行区江川路291弄,2022-04-20
上海市闵行区江川路558弄,2022-04-20
上海市闵行区江川路680弄,2022-04-20
上海市闵行区江航路378弄,2022-04-20
上海市闵行区江文路688弄,2022-04-20
上海市闵行区金都路767号,2022-04-20
上海市闵行区金都路787号,2022-04-20
上海市闵行区金都路978弄,2022-04-20
上海市闵行区金丰路121弄,2022-04-20
上海市闵行区金光路669号,2022-04-20
上海市闵行区金汇路588弄,2022-04-20
上海市闵行区金平路788弄,2022-04-20
上海市闵行区金雨路88弄,2022-04-20
上海市闵行区景福路189弄,2022-04-20
上海市闵行区景洪路2688号,2022-04-20
上海市闵行区景联路1083弄,2022-04-20
上海市闵行区景联路188弄,2022-04-20
上海市闵行区景联路965弄,2022-04-20
上海市闵行区开兴路199弄,2022-04-20
上海市闵行区康华路131弄,2022-04-20
上海市闵行区康桥村,2022-04-20
上海市闵行区兰坪路190弄,2022-04-20
上海市闵行区老沪闵路1111弄,2022-04-20
上海市闵行区老沪闵路1351弄,2022-04-20
上海市闵行区老沪闵路2259弄,2022-04-20
上海市闵行区黎安路486弄,2022-04-20
上海市闵行区黎明路155弄,2022-04-20
上海市闵行区立民村,2022-04-20
上海市闵行区莲花路2150弄,2022-04-20
上海市闵行区莲花路288弄,2022-04-20
上海市闵行区莲花路755弄,2022-04-20
上海市闵行区莲花南路1108弄,2022-04-20
上海市闵行区莲花南路1111弄,2022-04-20
上海市闵行区莲花南路1535弄,2022-04-20
上海市闵行区莲花南路1997号,2022-04-20
上海市闵行区莲花南路2333号,2022-04-20
上海市闵行区莲花南路565弄,2022-04-20
上海市闵行区联合村,2022-04-20
上海市闵行区联明村,2022-04-20
上海市闵行区联明路338弄,2022-04-20
上海市闵行区联农路179号,2022-04-20
上海市闵行区联青路51弄,2022-04-20
上海市闵行区联星村,2022-04-20
上海市闵行区龙柏一村,2022-04-20
上海市闵行区龙柏二村,2022-04-20
上海市闵行区龙柏三村,2022-04-20
上海市闵行区龙柏四村,2022-04-20
上海市闵行区龙茗路1458弄,2022-04-20
上海市闵行区龙茗路1597弄,2022-04-20
上海市闵行区龙茗路1897弄,2022-04-20
上海市闵行区龙茗路693号,2022-04-20
上海市闵行区龙吴路3000号,2022-04-20
上海市闵行区龙吴路3008号,2022-04-20
上海市闵行区龙吴路4369号,2022-04-20
上海市闵行区龙吴路4787弄,2022-04-20
上海市闵行区龙吴路5511弄,2022-04-20
上海市闵行区龙吴路5599弄,2022-04-20
上海市闵行区龙吴路5688弄,2022-04-20
上海市闵行区芦恒路378弄,2022-04-20
上海市闵行区鲁康路555弄,2022-04-20
上海市闵行区罗锦路69号,2022-04-20
上海市闵行区罗锦路888弄,2022-04-20
上海市闵行区罗阳二村,2022-04-20
上海市闵行区绿莲路100弄,2022-04-20
上海市闵行区绿莲路99弄,2022-04-20
上海市闵行区绿梅二村,2022-04-20
上海市闵行区梅富路628弄,2022-04-20
上海市闵行区梅陇一村,2022-04-20
上海市闵行区梅陇二村,2022-04-20
上海市闵行区梅陇西路1338号,2022-04-20
上海市闵行区民建村,2022-04-20
上海市闵行区闵驰二路257弄,2022-04-20
上海市闵行区闵驰二路59弄,2022-04-20
上海市闵行区闵驰一路208弄,2022-04-20
上海市闵行区闵驰一路302弄,2022-04-20
上海市闵行区南江燕路69弄,2022-04-20
上海市闵行区平吉路88弄,2022-04-20
上海市闵行区平南二村,2022-04-20
上海市闵行区平阳路1515弄,2022-04-20
上海市闵行区平阳路59弄,2022-04-20
上海市闵行区浦航路36弄,2022-04-20
上海市闵行区浦江村,2022-04-20
上海市闵行区浦锦路2385弄,2022-04-20
上海市闵行区浦连路282弄,2022-04-20
上海市闵行区浦连路598弄,2022-04-20
上海市闵行区浦申路200弄,2022-04-20
上海市闵行区浦涛路100弄,2022-04-20
上海市闵行区浦涛路751弄,2022-04-20
上海市闵行区浦星公路1969号,2022-04-20
上海市闵行区浦星公路800号,2022-04-20
上海市闵行区浦秀路1386弄,2022-04-20
上海市闵行区浦秀路220弄,2022-04-20
上海市闵行区普乐路333弄,2022-04-20
上海市闵行区普乐路351号,2022-04-20
上海市闵行区普乐路425弄,2022-04-20
上海市闵行区七宝南街,2022-04-20
上海市闵行区七莘路1188号,2022-04-20
上海市闵行区七莘路1666弄,2022-04-20
上海市闵行区七莘路1728弄,2022-04-20
上海市闵行区七莘路2288弄,2022-04-20
上海市闵行区七莘路2315弄,2022-04-20
上海市闵行区七莘路2465弄30支弄,2022-04-20
上海市闵行区七莘路2518弄,2022-04-20
上海市闵行区七莘路2628弄,2022-04-20
上海市闵行区七莘路2929弄,2022-04-20
上海市闵行区七莘路3885弄,2022-04-20
上海市闵行区七莘路黎安路口工地,2022-04-20
上海市闵行区勤劳村,2022-04-20
上海市闵行区沁春路1366弄,2022-04-20
上海市闵行区青杉路169弄,2022-04-20
上海市闵行区瑞丽路918弄,2022-04-20
上海市闵行区三鲁公路2755号,2022-04-20
上海市闵行区三鲁公路2855号,2022-04-20
上海市闵行区上中西路925弄,2022-04-20
上海市闵行区尚义路229弄,2022-04-20
上海市闵行区尚义路428弄,2022-04-20
上海市闵行区申虹路1509号,2022-04-20
上海市闵行区疏影路711弄,2022-04-20
上海市闵行区疏影路789弄,2022-04-20
上海市闵行区疏影路838弄,2022-04-20
上海市闵行区曙光路1530号,2022-04-20
上海市闵行区曙建路175号,2022-04-20
上海市闵行区曙建路185弄,2022-04-20
上海市闵行区曙建路51弄,2022-04-20
上海市闵行区曙建路78弄,2022-04-20
上海市闵行区双柏路1512号,2022-04-20
上海市闵行区双柏路1671号,2022-04-20
上海市闵行区双柏路1688弄,2022-04-20
上海市闵行区水清路1100弄,2022-04-20
上海市闵行区水清路1390号,2022-04-20
上海市闵行区水清路1460弄,2022-04-20
上海市闵行区水清路999弄,2022-04-20
上海市闵行区水清一村,2022-04-20
上海市闵行区水清二村,2022-04-20
上海市闵行区水清三村,2022-04-20
上海市闵行区苏民村,2022-04-20
上海市闵行区塘湾村,2022-04-20
上海市闵行区同乐路151弄,2022-04-20
上海市闵行区同乐路158号,2022-04-20
上海市闵行区畹町路99弄,2022-04-20
上海市闵行区万源路390号,2022-04-20
上海市闵行区王泥浜村,2022-04-20
上海市闵行区伟业路621弄,2022-04-20
上海市闵行区吴宝路958号,2022-04-20
上海市闵行区吴河路351号,2022-04-20
上海市闵行区吴中路1969号,2022-04-20
上海市闵行区吴中路2727弄,2022-04-20
上海市闵行区吴中路405弄100支弄,2022-04-20
上海市闵行区吴中路405弄75支弄,2022-04-20
上海市闵行区吴中路511弄,2022-04-20
上海市闵行区吴中路598弄,2022-04-20
上海市闵行区吴中路633弄,2022-04-20
上海市闵行区吴中路889弄,2022-04-20
上海市闵行区吴中路莲花路口工地,2022-04-20
上海市闵行区五一村,2022-04-20
上海市闵行区西环路281号,2022-04-20
上海市闵行区西环路777弄,2022-04-20
上海市闵行区西新路15弄,2022-04-20
上海市闵行区向阳路287号,2022-04-20
上海市闵行区向阳路556号,2022-04-20
上海市闵行区新风村,2022-04-20
上海市闵行区新建村,2022-04-20
上海市闵行区新闵路481弄,2022-04-20
上海市闵行区新镇路1036弄,2022-04-20
上海市闵行区莘浜路155号,2022-04-20
上海市闵行区莘浜路35弄,2022-04-20
上海市闵行区莘东路25号,2022-04-20
上海市闵行区莘建东路198弄,2022-04-20
上海市闵行区莘建东路388弄,2022-04-20
上海市闵行区莘建路228弄,2022-04-20
上海市闵行区莘沥路550号,2022-04-20
上海市闵行区莘凌路285弄,2022-04-20
上海市闵行区莘南花苑一村,2022-04-20
上海市闵行区莘松六村,2022-04-20
上海市闵行区莘松八村,2022-04-20
上海市闵行区莘松九村,2022-04-20
上海市闵行区莘松路170号,2022-04-20
上海市闵行区莘松路225弄,2022-04-20
上海市闵行区莘松路625弄,2022-04-20
上海市闵行区莘松路855号,2022-04-20
上海市闵行区莘松路958弄,2022-04-20
上海市闵行区莘松四村,2022-04-20
上海市闵行区莘中新村,2022-04-20
上海市闵行区莘朱东路246号,2022-04-20
上海市闵行区莘朱路1258号,2022-04-20
上海市闵行区莘朱路1760弄,2022-04-20
上海市闵行区莘朱路651弄,2022-04-20
上海市闵行区莘朱路851弄,2022-04-20
上海市闵行区莘朱路879弄,2022-04-20
上海市闵行区兴梅路599号,2022-04-20
上海市闵行区许泾村,2022-04-20
上海市闵行区许浦村,2022-04-20
上海市闵行区雅致路31弄,2022-04-20
上海市闵行区杨家巷村,2022-04-20
上海市闵行区业祥路111弄,2022-04-20
上海市闵行区益文路101弄,2022-04-20
上海市闵行区银春路1800弄,2022-04-20
上海市闵行区银春路2200弄,2022-04-20
上海市闵行区银都路1966弄,2022-04-20
上海市闵行区银都路2188弄,2022-04-20
上海市闵行区银都路2688弄,2022-04-20
上海市闵行区银都路3118弄,2022-04-20
上海市闵行区银都路3151弄,2022-04-20
上海市闵行区银都路3536弄,2022-04-20
上海市闵行区银都路728弄,2022-04-20
上海市闵行区银康路76弄,2022-04-20
上海市闵行区银林路1002弄,2022-04-20
上海市闵行区银林路100弄,2022-04-20
上海市闵行区永德路360弄,2022-04-20
上海市闵行区永德路645号,2022-04-20
上海市闵行区永德路700弄,2022-04-20
上海市闵行区永高路75弄,2022-04-20
上海市闵行区永联村,2022-04-20
上海市闵行区友好村,2022-04-20
上海市闵行区友建村,2022-04-20
上海市闵行区俞塘村,2022-04-20
上海市闵行区元江路4600弄,2022-04-20
上海市闵行区元江路4805弄,2022-04-20
上海市闵行区跃农村,2022-04-20
上海市闵行区闸航路4398弄,2022-04-20
上海市闵行区张行村,2022-04-20
上海市闵行区张虹路293号,2022-04-20
上海市闵行区赵家村,2022-04-20
上海市闵行区镇西路515弄,2022-04-20
上海市闵行区知新村,2022-04-20
上海市闵行区中春路6785号,2022-04-20
上海市闵行区中春路联明路口工地,2022-04-20
上海市闵行区中沟路400弄,2022-04-20
上海市闵行区中沟路51弄,2022-04-20
上海市闵行区中华美路60弄,2022-04-20
上海市闵行区中心村,2022-04-20
上海市闵行区朱行路158号,2022-04-20
上海市闵行区朱建路金光路口工地,2022-04-20
上海市闵行区朱梅路266弄,2022-04-20
上海市闵行区珠城路99弄,2022-04-20
上海市闵行区诸翟村,2022-04-20
上海市闵行区竹园路368号,2022-04-20
上海市闵行区颛建路248号,2022-04-20
上海市闵行区颛乐路199弄,2022-04-20
上海市闵行区颛盛路35弄,2022-04-20
上海市闵行区颛兴东路1550弄,2022-04-20
上海市闵行区颛兴路245弄,2022-04-20
上海市闵行区颛兴路666弄,2022-04-20
上海市闵行区颛兴路747弄,2022-04-20
上海市闵行区紫藤一村,2022-04-20
上海市闵行区紫苑路159号,2022-04-20
上海市嘉定区安辰路伊宁路交叉口工地,2022-04-20
上海市嘉定区安新村,2022-04-20
上海市嘉定区白银路325号,2022-04-20
上海市嘉定区宝安公路4188号工地,2022-04-20
上海市嘉定区宝翔路560弄,2022-04-20
上海市嘉定区宝翔路998弄,2022-04-20
上海市嘉定区宝园五路135号,2022-04-20
上海市嘉定区宝园五路155号,2022-04-20
上海市嘉定区北管村,2022-04-20
上海市嘉定区博园路898号,2022-04-20
上海市嘉定区仓场村,2022-04-20
上海市嘉定区曹安公路1775号,2022-04-20
上海市嘉定区曹安公路1911号,2022-04-20
上海市嘉定区曹安公路2043号,2022-04-20
上海市嘉定区曹安公路2266号,2022-04-20
上海市嘉定区曹安公路2611号,2022-04-20
上海市嘉定区曹安公路2620号,2022-04-20
上海市嘉定区曹安公路2688号,2022-04-20
上海市嘉定区曹安公路2806号,2022-04-20
上海市嘉定区曹安公路4341号,2022-04-20
上海市嘉定区曹安公路4800号,2022-04-20
上海市嘉定区曹安公路5533号,2022-04-20
上海市嘉定区曹南路12弄,2022-04-20
上海市嘉定区曹王村,2022-04-20
上海市嘉定区槎溪路650弄,2022-04-20
上海市嘉定区昌翔路555号,2022-04-20
上海市嘉定区陈村村,2022-04-20
上海市嘉定区陈翔路2299号,2022-04-20
上海市嘉定区成泽路402号,2022-04-20
上海市嘉定区春海路355弄,2022-04-20
上海市嘉定区慈竹路69弄,2022-04-20
上海市嘉定区大宏村,2022-04-20
上海市嘉定区大陆村,2022-04-20
上海市嘉定区大治路31号,2022-04-20
上海市嘉定区德华路79弄,2022-04-20
上海市嘉定区德立路99弄,2022-04-20
上海市嘉定区德园路570弄,2022-04-20
上海市嘉定区德园路955弄,2022-04-20
上海市嘉定区东环路129弄,2022-04-20
上海市嘉定区东街村,2022-04-20
上海市嘉定区樊家村,2022-04-20
上海市嘉定区方陆路261号,2022-04-20
上海市嘉定区芳林路669弄,2022-04-20
上海市嘉定区丰华公路1580号,2022-04-20
上海市嘉定区丰江路128弄,2022-04-20
上海市嘉定区丰江路188弄,2022-04-20
上海市嘉定区丰饶路505号,2022-04-20
上海市嘉定区丰翔路3133号,2022-04-20
上海市嘉定区丰翔支路88号,2022-04-20
上海市嘉定区丰庄路550弄,2022-04-20
上海市嘉定区丰庄西路558弄,2022-04-20
上海市嘉定区封周路368弄,2022-04-20
上海市嘉定区阜康西路199弄,2022-04-20
上海市嘉定区高潮路791弄,2022-04-20
上海市嘉定区古猗园路281弄,2022-04-20
上海市嘉定区海波路1000弄,2022-04-20
上海市嘉定区浩翔路505弄,2022-04-20
上海市嘉定区鹤望路268号,2022-04-20
上海市嘉定区鹤望路365弄,2022-04-20
上海市嘉定区鹤霞路555弄,2022-04-20
上海市嘉定区鹤霞路600弄,2022-04-20
上海市嘉定区鹤友路336弄,2022-04-20
上海市嘉定区红石路333弄,2022-04-20
上海市嘉定区红石路730弄,2022-04-20
上海市嘉定区红翔村,2022-04-20
上海市嘉定区沪宜公路1048号,2022-04-20
上海市嘉定区沪宜公路2199弄,2022-04-20
上海市嘉定区沪宜公路855号,2022-04-20
上海市嘉定区沪宜公路与生产街交叉口工地,2022-04-20
上海市嘉定区华江路1078号,2022-04-20
上海市嘉定区华江路129弄,2022-04-20
上海市嘉定区华江路136弄,2022-04-20
上海市嘉定区华江路1481弄,2022-04-20
上海市嘉定区华江路17号,2022-04-20
上海市嘉定区华江路190号,2022-04-20
上海市嘉定区华江路90弄,2022-04-20
上海市嘉定区华江支路328弄,2022-04-20
上海市嘉定区华江支路600弄,2022-04-20
上海市嘉定区华江支路677弄,2022-04-20
上海市嘉定区火车站路308号,2022-04-20
上海市嘉定区吉镇路445弄,2022-04-20
上海市嘉定区嘉戬支路20弄,2022-04-20
上海市嘉定区嘉美路惠亚路路口,2022-04-20
上海市嘉定区嘉年路128弄,2022-04-20
上海市嘉定区嘉松北路4608号,2022-04-20
上海市嘉定区嘉唐公路1324弄,2022-04-20
上海市嘉定区嘉唐公路1555号,2022-04-20
上海市嘉定区嘉唐公路488号,2022-04-20
上海市嘉定区嘉唐公路99弄,2022-04-20
上海市嘉定区嘉行公路3223号,2022-04-20
上海市嘉定区嘉涌路88弄,2022-04-20
上海市嘉定区嘉峪关路280弄,2022-04-20
上海市嘉定区嘉峪关路379弄,2022-04-20
上海市嘉定区金昌西路1188弄,2022-04-20
上海市嘉定区金鼎路2388弄,2022-04-20
上海市嘉定区金润路478弄,2022-04-20
上海市嘉定区金通路1737弄,2022-04-20
上海市嘉定区金通路1788弄,2022-04-20
上海市嘉定区金耀路555弄,2022-04-20
上海市嘉定区金耀南路299弄,2022-04-20
上海市嘉定区金耀南路80弄,2022-04-20
上海市嘉定区金园三路326号,2022-04-20
上海市嘉定区金园五路321号,2022-04-20
上海市嘉定区金园一路1115弄,2022-04-20
上海市嘉定区金园一路1359弄,2022-04-20
上海市嘉定区靖远路1200号,2022-04-20
上海市嘉定区靖远路1288弄,2022-04-20
上海市嘉定区康年路209弄,2022-04-20
上海市嘉定区科福路899号,2022-04-20
上海市嘉定区李家村,2022-04-20
上海市嘉定区李园菜场,2022-04-20
上海市嘉定区李园二村,2022-04-20
上海市嘉定区立新村,2022-04-20
上海市嘉定区励学路535号,2022-04-20
上海市嘉定区联西村,2022-04-20
上海市嘉定区临洮路343号,2022-04-20
上海市嘉定区临夏路1000弄,2022-04-20
上海市嘉定区临夏路800弄,2022-04-20
上海市嘉定区浏翔村,2022-04-20
上海市嘉定区浏翔公路1199弄,2022-04-20
上海市嘉定区浏翔公路1502号,2022-04-20
上海市嘉定区罗家村,2022-04-20
上海市嘉定区绿苑路576号,2022-04-20
上海市嘉定区马陆街104号,2022-04-20
上海市嘉定区南新路471弄,2022-04-20
上海市嘉定区南新路478弄,2022-04-20
上海市嘉定区南苑六村,2022-04-20
上海市嘉定区泥岗村,2022-04-20
上海市嘉定区年丰村,2022-04-20
上海市嘉定区平城路1000弄,2022-04-20
上海市嘉定区钱家村,2022-04-20
上海市嘉定区秋竹路618弄,2022-04-20
上海市嘉定区曲江路100弄,2022-04-20
上海市嘉定区曲江路99弄,2022-04-20
上海市嘉定区人民街133弄,2022-04-20
上海市嘉定区沈徐路129弄,2022-04-20
上海市嘉定区曙光村,2022-04-20
上海市嘉定区双单路1509弄,2022-04-20
上海市嘉定区双单路德立路工地,2022-04-20
上海市嘉定区顺达路299号,2022-04-20
上海市嘉定区思诚路1405号,2022-04-20
上海市嘉定区塔城东路288弄,2022-04-20
上海市嘉定区铜川路2188弄,2022-04-20
上海市嘉定区铜川路2285弄,2022-04-20
上海市嘉定区铜川路2655弄,2022-04-20
上海市嘉定区五四村,2022-04-20
上海市嘉定区武都路100弄,2022-04-20
上海市嘉定区先农村,2022-04-20
上海市嘉定区翔方公路150弄,2022-04-20
上海市嘉定区翔黄公路268号,2022-04-20
上海市嘉定区翔铁中路218号,2022-04-20
上海市嘉定区新丰村,2022-04-20
上海市嘉定区新福路427号,2022-04-20
上海市嘉定区新福路432号,2022-04-20
上海市嘉定区新江村,2022-04-20
上海市嘉定区新郁路199弄,2022-04-20
上海市嘉定区新郁路846弄,2022-04-20
上海市嘉定区星华公路2173号,2022-04-20
上海市嘉定区星火村,2022-04-20
上海市嘉定区徐曹路113号,2022-04-20
上海市嘉定区雅翔路288弄,2022-04-20
上海市嘉定区窑湾里45号,2022-04-20
上海市嘉定区伊宁路合作路工地,2022-04-20
上海市嘉定区银翔路1227弄,2022-04-20
上海市嘉定区永乐村,2022-04-20
上海市嘉定区永盛路2286号,2022-04-20
上海市嘉定区育绿路宝育路口仓库,2022-04-20
上海市嘉定区育英街587弄,2022-04-20
上海市嘉定区育英南街55弄,2022-04-20
上海市嘉定区裕民路488弄,2022-04-20
上海市嘉定区裕民南路1698号,2022-04-20
上海市嘉定区裕民南路336弄,2022-04-20
上海市嘉定区蕴北路1755弄,2022-04-20
上海市嘉定区张马路38弄,2022-04-20
上海市嘉定区张掖路333号,2022-04-20
上海市嘉定区招贤路767号,2022-04-20
上海市嘉定区赵厅村,2022-04-20
上海市嘉定区中大街20号,2022-04-20
上海市嘉定区中佳路29弄,2022-04-20
上海市金山区蒙山路1256号,2022-04-20
上海市松江区北厍路33弄,2022-04-20
上海市松江区北松公路4560号,2022-04-20
上海市松江区北松公路4648号,2022-04-20
上海市松江区北松公路4654弄,2022-04-20
上海市松江区北松公路4871号,2022-04-20
上海市松江区北松公路4999弄,2022-04-20
上海市松江区北松公路5178弄,2022-04-20
上海市松江区北松公路6638号,2022-04-20
上海市松江区滨湖路310弄,2022-04-20
上海市松江区仓丰路955弄,2022-04-20
上海市松江区仓吉一村,2022-04-20
上海市松江区车峰路158弄,2022-04-20
上海市松江区车峰路199弄,2022-04-20
上海市松江区车峰路200弄,2022-04-20
上海市松江区车亭公路1098号,2022-04-20
上海市松江区车亭公路1142号,2022-04-20
上海市松江区车香路253号,2022-04-20
上海市松江区车阳路177弄,2022-04-20
上海市松江区辰花路839弄,2022-04-20
上海市松江区陈春公路801弄,2022-04-20
上海市松江区陈春公路851弄,2022-04-20
上海市松江区陈春公路951弄,2022-04-20
上海市松江区城置路257弄,2022-04-20
上海市松江区春九路1号,2022-04-20
上海市松江区打铁桥村,2022-04-20
上海市松江区大官塘路248弄,2022-04-20
上海市松江区淡家浜路88弄,2022-04-20
上海市松江区得胜村,2022-04-20
上海市松江区东港村,2022-04-20
上海市松江区方塔北路558号,2022-04-20
上海市松江区坊东路158号,2022-04-20
上海市松江区高桥村,2022-04-20
上海市松江区古楼公路1858弄,2022-04-20
上海市松江区古楼公路1876弄,2022-04-20
上海市松江区古楼公路1899弄,2022-04-20
上海市松江区古楼公路656弄,2022-04-20
上海市松江区古松路97号,2022-04-20
上海市松江区鼓浪路106号,2022-04-20
上海市松江区鼓浪路635弄,2022-04-20
上海市松江区广富林路1188弄,2022-04-20
上海市松江区广富林路5000号,2022-04-20
上海市松江区弘翔路555弄,2022-04-20
上海市松江区沪松公路1110号,2022-04-20
上海市松江区沪松公路1224号,2022-04-20
上海市松江区沪松公路1226号,2022-04-20
上海市松江区沪松公路1480弄,2022-04-20
上海市松江区沪松公路1519弄,2022-04-20
上海市松江区沪亭北路1080弄,2022-04-20
上海市松江区沪亭北路338弄,2022-04-20
上海市松江区沪亭南路1059号,2022-04-20
上海市松江区沪亭南路1399弄,2022-04-20
上海市松江区沪亭南路290弄,2022-04-20
上海市松江区沪亭南路71弄,2022-04-20
上海市松江区沪亭南路751弄,2022-04-20
上海市松江区环城路204弄65支弄,2022-04-20
上海市松江区环城路274号,2022-04-20
上海市松江区汇桥村,2022-04-20
上海市松江区汇泉路80弄,2022-04-20
上海市松江区鸡山村,2022-04-20
上海市松江区江川南二路118弄,2022-04-20
上海市松江区江秋谭路377弄,2022-04-20
上海市松江区江田东路185号,2022-04-20
上海市松江区金胜村,2022-04-20
上海市松江区锦昔路631号,2022-04-20
上海市松江区九杜路939号,2022-04-20
上海市松江区九泾路680弄,2022-04-20
上海市松江区九亭大街318弄,2022-04-20
上海市松江区九亭大街671弄,2022-04-20
上海市松江区九亭大街851弄,2022-04-20
上海市松江区九新公路2335弄,2022-04-20
上海市松江区九新公路2600弄,2022-04-20
上海市松江区九新公路333弄,2022-04-20
上海市松江区昆港公路2100弄,2022-04-20
上海市松江区涞坊路1188弄,2022-04-20
上海市松江区涞坊路1399弄,2022-04-20
上海市松江区涞坊路2000号,2022-04-20
上海市松江区涞坊路288弄,2022-04-20
上海市松江区涞坊路333弄,2022-04-20
上海市松江区涞坊路45号,2022-04-20
上海市松江区涞亭北路200,2022-04-20
上海市松江区号,2022-04-20
上海市松江区涞亭北路600弄,2022-04-20
上海市松江区涞亭南路289弄,2022-04-20
上海市松江区涞亭南路888弄,2022-04-20
上海市松江区涞寅路106弄,2022-04-20
上海市松江区涞寅路1200弄,2022-04-20
上海市松江区蓝天三村,2022-04-20
上海市松江区蓝天新村,2022-04-20
上海市松江区朗亭路288弄,2022-04-20
上海市松江区朗亭路588弄,2022-04-20
上海市松江区乐都路233弄,2022-04-20
上海市松江区乐都支路85弄,2022-04-20
上海市松江区李高路91号,2022-04-20
上海市松江区李高路99号,2022-04-20
上海市松江区联阳路12弄,2022-04-20
上海市松江区联阳路6弄,2022-04-20
上海市松江区联营路21弄,2022-04-20
上海市松江区联营路72弄,2022-04-20
上海市松江区联营路88弄,2022-04-20
上海市松江区联庄村,2022-04-20
上海市松江区马桥村,2022-04-20
上海市松江区马汤村,2022-04-20
上海市松江区泖亭路188弄,2022-04-20
上海市松江区泖新村,2022-04-20
上海市松江区梅家浜路309号,2022-04-20
上海市松江区闵塔路1751弄,2022-04-20
上海市松江区明南路279号,2022-04-20
上海市松江区明兴路18弄,2022-04-20
上海市松江区明中路1800弄,2022-04-20
上海市松江区南乐路168号,2022-04-20
上海市松江区南乐路8号,2022-04-20
上海市松江区南期昌路459弄,2022-04-20
上海市松江区平原街700弄,2022-04-20
上海市松江区平原街880弄,2022-04-20
上海市松江区蒲汇路85弄,2022-04-20
上海市松江区普照路104弄,2022-04-20
上海市松江区茜浦路600弄,2022-04-20
上海市松江区强业路596号,2022-04-20
上海市松江区清河街133弄,2022-04-20
上海市松江区虬泾路189弄,2022-04-20
上海市松江区虬泾路549号,2022-04-20
上海市松江区虬泾路900弄,2022-04-20
上海市松江区虬泾路99弄,2022-04-20
上海市松江区虬长路17弄,2022-04-20
上海市松江区虬长路220号,2022-04-20
上海市松江区虬长路334弄,2022-04-20
上海市松江区茸华路2号,2022-04-20
上海市松江区茸华路501号,2022-04-20
上海市松江区茸惠路1166弄,2022-04-20
上海市松江区茸江路930弄,2022-04-20
上海市松江区荣乐西路758弄,2022-04-20
上海市松江区三浜路125号,2022-04-20
上海市松江区三浜路668号,2022-04-20
上海市松江区三庄路155弄,2022-04-20
上海市松江区三庄路58弄,2022-04-20
上海市松江区申港路126号,2022-04-20
上海市松江区莘松路1150弄,2022-04-20
上海市松江区莘松路1288弄,2022-04-20
上海市松江区莘松路1500弄,2022-04-20
上海市松江区石湖新路97弄,2022-04-20
上海市松江区泗滨路355弄,2022-04-20
上海市松江区泗陈公路501弄,2022-04-20
上海市松江区泗凤公路508弄,2022-04-20
上海市松江区泗祥路518弄,2022-04-20
上海市松江区泗砖路1弄,2022-04-20
上海市松江区松金公路10038号,2022-04-20
上海市松江区松卫北路6700弄,2022-04-20
上海市松江区松蒸公路888号,2022-04-20
上海市松江区田黄村,2022-04-20
上海市松江区同利路104号,2022-04-20
上海市松江区同利路98号,2022-04-20
上海市松江区王家厍路55号,2022-04-20
上海市松江区文诚路2188弄,2022-04-20
上海市松江区文翔路3088弄,2022-04-20
上海市松江区文翔路4500号,2022-04-20
上海市松江区西林南路10号,2022-04-20
上海市松江区西苑新村,2022-04-20
上海市松江区香亭路1000弄,2022-04-20
上海市松江区香亭路1300弄,2022-04-20
上海市松江区香亭路1305弄,2022-04-20
上海市松江区小机山路118弄,2022-04-20
上海市松江区小机山路300弄,2022-04-20
上海市松江区新北街317弄,2022-04-20
上海市松江区新北街386号,2022-04-20
上海市松江区新车公路555号,2022-04-20
上海市松江区新飞路1000号,2022-04-20
上海市松江区新飞路1999弄,2022-04-20
上海市松江区新泾村,2022-04-20
上海市松江区新松江路1111弄,2022-04-20
上海市松江区新松江路1388弄,2022-04-20
上海市松江区新姚村,2022-04-20
上海市松江区新育路509弄,2022-04-20
上海市松江区新源村,2022-04-20
上海市松江区新站路201弄,2022-04-20
上海市松江区新镇街599弄,2022-04-20
上海市松江区新中街199弄,2022-04-20
上海市松江区叶家中心村,2022-04-20
上海市松江区叶亭路28号,2022-04-20
上海市松江区叶校路355弄,2022-04-20
上海市松江区叶政路738弄,2022-04-20
上海市松江区银都西路365号,2022-04-20
上海市松江区银泽路龙马路口470号,2022-04-20
上海市松江区寅青路467弄,2022-04-20
上海市松江区影视路21,2022-04-20
上海市松江区号,2022-04-20
上海市松江区影维路258弄,2022-04-20
上海市松江区影维路6弄,2022-04-20
上海市松江区影振路300弄,2022-04-20
上海市松江区玉昆二村,2022-04-20
上海市松江区玉秀路39号,2022-04-20
上海市松江区泽悦路325弄,2022-04-20
上海市松江区张庄村,2022-04-20
上海市松江区长溇村,2022-04-20
上海市松江区赵家泾路8号,2022-04-20
上海市松江区中山东路180弄,2022-04-20
上海市松江区中山东路70弄,2022-04-20
上海市松江区中心路106号,2022-04-20
上海市松江区中心路275弄,2022-04-20
上海市青浦区北青公路4458弄,2022-04-20
上海市青浦区北青公路6972弄,2022-04-20
上海市青浦区朝阳村,2022-04-20
上海市青浦区淀湖新村,2022-04-20
上海市青浦区福泉山村,2022-04-20
上海市青浦区福泉山路464弄,2022-04-20
上海市青浦区高光路666号,2022-04-20
上海市青浦区高泾路800弄,2022-04-20
上海市青浦区光联村,2022-04-20
上海市青浦区鹤联村,2022-04-20
上海市青浦区沪青平公路1655号,2022-04-20
上海市青浦区沪青平公路1881号,2022-04-20
上海市青浦区会恒路666弄,2022-04-20
上海市青浦区火星村,2022-04-20
上海市青浦区金字圩路108弄,2022-04-20
上海市青浦区京华路187弄,2022-04-20
上海市青浦区久远路1669弄,2022-04-20
上海市青浦区乐国路218弄,2022-04-20
上海市青浦区利通路贺桥村路,2022-04-20
上海市青浦区龙联路208弄,2022-04-20
上海市青浦区龙联路58弄,2022-04-20
上海市青浦区龙联路59弄,2022-04-20
上海市青浦区马阳村,2022-04-20
上海市青浦区明珠路258弄,2022-04-20
上海市青浦区明珠路785弄,2022-04-20
上海市青浦区蟠秀路100号,2022-04-20
上海市青浦区前云路116弄,2022-04-20
上海市青浦区前云路148弄,2022-04-20
上海市青浦区青湖东路555弄,2022-04-20
上海市青浦区邱家港路18弄,2022-04-20
上海市青浦区尚泰路458弄,2022-04-20
上海市青浦区佘北公路3339号,2022-04-20
上海市青浦区胜利路76弄,2022-04-20
上海市青浦区崧华路899号,2022-04-20
上海市青浦区崧文南路229弄,2022-04-20
上海市青浦区香大路215号,2022-04-20
上海市青浦区谢卫路228弄,2022-04-20
上海市青浦区谢卫路229弄,2022-04-20
上海市青浦区新凤中路1718弄,2022-04-20
上海市青浦区新益路99弄,2022-04-20
上海市青浦区新镇居委会新光,2022-04-20
上海市青浦区秀沁路132弄,2022-04-20
上海市青浦区徐乐路109号,2022-04-20
上海市青浦区徐灵路338号,2022-04-20
上海市青浦区徐南路288弄,2022-04-20
上海市青浦区徐南路666号,2022-04-20
上海市青浦区业辉路199弄,2022-04-20
上海市青浦区叶联路699弄,2022-04-20
上海市青浦区盈港东路1688弄,2022-04-20
上海市青浦区盈港东路2015弄,2022-04-20
上海市青浦区育才路451弄,2022-04-20
上海市青浦区宅东新区,2022-04-20
上海市青浦区张巷村,2022-04-20
上海市青浦区赵重公路,2022-04-20
上海市青浦区赵重公路2811弄,2022-04-20
上海市青浦区赵重公路4325弄,2022-04-20
上海市青浦区诸光路1188弄,2022-04-20
上海市青浦区诸光路1355弄,2022-04-20
上海市青浦区诸光路498号,2022-04-20
